nb_arms = 10, budget = 4
09:02:43
iteration 1
7.831561658838943
6.676757223287545
7.1740529909478585
6.785108814149474
5.679292447485724
5.74641760227526
7.3223990186857995
8.634262980824529
9.021108926586844
8.670886788528371
8.62788822478346
8.703348453982755
8.909294720677977
8.86660291217837
8.74698902272988
8.680538017838508
8.870807426061342
8.792060242494681
8.78019089327059
8.598122207372867
8.49883539497794
8.470409321918837
8.64719868814375
8.67701341698754
8.556652475931747
8.18372641993825
7.7857707727325565
7.737759661781375
7.725925519623713
8.14957423446697
8.569873338370003
8.78885624632012
8.96959267703255
9.008438797009905
9.38308194505026
9.261587992585524
8.69924250233361
8.217801378417958
8.074434031014453
7.948359344070834
7.914778041477932
8.154641390968232
8.192318430107624
8.255546744020357
8.298920586036598
8.109992905464296
8.072620333877188
8.139874364065628
8.140271770913454
8.047953983874354
8.024946292844335
8.030652526901576
8.057316316827347
8.162304023886055
8.358863911983264
8.301992343000226
8.448826675731713
8.450361534707527
8.453070473208532
8.38096268745164
8.291562578910124
8.444861435421991
8.370947529430186
8.46767557864582
8.435401845084067
8.501143302069146
8.39867154091433
8.412050923601466
8.384232048930027
8.454739844852046
8.581321565769079
8.525751265772163
8.378227831772902
8.605068783882365
8.591764467461122
8.741660332488523
8.998702454140096
9.144229187447507
9.070439494599317
9.189494063785757
9.258895729314624
9.512392148949404
9.532839346994148
9.541029038371637
9.538662376268325
9.641142605452297
9.660743876994662
9.598426170716847
9.608339719364624
9.573385034954942
9.568589501270962
9.560334327260266
9.566997912986743
9.538610164994227
9.595857415011082
9.629683574660106
9.589696246111355
9.624391464306955
9.656426246114478
9.66512853617206
9.56616183810453
9.593788145593876
9.59718833630954
9.614937988427643
9.605984998208276
9.57739723846596
9.640093466332948
9.588881282685408
9.547512211267671
9.665050343635503
9.571826415063738
9.54321462570318
9.517343852822808
9.564687612948607
9.59670228825663
9.627124077094924
9.57264792442122
9.55801621068742
9.562812992142636
9.516825912554307
iteration 2
8.45650858665903
8.264140461067987
8.503681446486345
8.028954544504762
6.097261273858622
5.822578082379985
6.1368792257384746
6.214301907510153
6.40955463612988
6.953974567855096
7.40783462812277
7.773673618031456
7.727151605813598
7.5018825064594985
7.267319699844986
7.0820693253520055
7.898995612087397
8.37166961113236
8.413411780385987
8.503045518217085
7.86254057536539
7.617139340971247
8.167227550494705
8.418373767518938
8.288414708515905
8.103063159151365
8.10465171170497
8.175632239127502
8.136491057460992
8.446682703597844
8.61582427206572
8.638558391026464
8.58899247223432
8.522758187765426
8.579073297919523
8.925019735681586
8.916971047324424
8.809865236596162
8.714830476927377
8.810076722842483
8.87054078340335
8.94142194568275
8.995834687698835
8.84252168572027
8.72112803953925
8.847306703142605
8.974211519100438
9.010797798301732
9.037143710643221
9.070575996356446
9.08255091367378
9.05041052741217
9.083346004049796
9.193031025424851
9.176999300776405
9.176852052492428
9.180532752970036
9.17949645457909
9.345123228210827
9.296486402229405
9.127025882016971
9.158284787263046
9.053441563403135
9.153589408530504
9.314621021464262
9.210950415060578
9.231624202783985
9.340104794564343
9.320081228652032
9.259503166553953
9.236310399501303
9.296588110061256
9.378060880235434
9.410553765853399
9.407587889686967
9.43244617851555
9.453343154669636
9.48724956593779
9.539934408314462
9.533998153455803
9.558083912061585
9.590670122245184
9.579707992624737
9.636557845844845
9.646827175157297
9.693154862401942
9.636746206597861
9.650429666796017
9.67668235477091
9.650100544874851
9.70448857550783
9.72296428427799
9.707476043671868
9.678856717295139
9.67707902478596
9.677842044137567
9.634803838034749
9.661173868137787
9.743740967618637
9.676196387800614
9.67091440922919
9.727112254682584
9.633004967409978
9.615237289639587
9.72444342646415
9.640703364512843
9.637194190846191
9.649918859544979
9.58031373044079
9.648746975331276
9.631869528237065
9.570257495759643
9.671269019064034
9.709512670850648
9.713732212208523
9.705197849190393
9.665712717355222
9.680331680059913
9.650703020545672
9.666685565687928
iteration 3
7.837800946659809
6.13952265793707
5.5435633468127214
5.510725411703844
6.723172767865063
6.762508300204182
6.629302569496424
6.537597058204882
7.513979569248029
6.92257929073075
6.289251115185201
6.4629919190274006
7.139725203232444
7.040297600159749
7.173767172094934
7.029083470963441
7.089461302481847
6.793420979705886
6.950355182093374
6.906844823410677
7.049065145752486
7.368247189967153
7.797673851591891
7.68252121871471
7.94838562676798
8.095592703163799
7.962461200058579
8.064885169303711
8.171381054901696
8.276743403060493
8.459286045519304
8.343988755613
8.13658739292941
8.022216192687273
8.34584266996839
8.02844721767423
7.544707471722825
7.300176557418563
7.49496704803142
8.43536818657225
9.251901596078557
9.290111419100771
9.23856852164957
9.198073329325794
9.303312095133606
9.41592226339049
9.456281294499151
9.464052290469903
9.421865501538521
9.505877610605772
9.522795441283478
9.56884213403666
9.507095389526771
9.512084099976626
9.486673861194927
9.49353900760727
9.401275111968692
9.436916090561866
9.44169280615171
9.518322268349095
9.512122401702765
9.49862129604399
9.44514062328786
9.459261160929243
9.428845002741186
9.269022073459576
9.272752984390454
9.221320593258417
9.284599605763145
9.292777551325129
9.317294010210595
9.338572647519461
9.363552604374718
9.404363303026123
9.301868666404465
9.286284580046265
9.357179245057601
9.342974063080657
9.370769788206118
9.396054310532348
9.372993222353909
9.296588028171662
9.299857978529108
9.433359640287124
9.37651062449915
9.281731788074342
9.468902345223318
9.460007986436256
9.397930014492193
9.479296169834921
9.54766204804375
9.438831277076781
9.44909896793309
9.469752228953743
9.42062350771441
9.439055102743653
9.436301136435105
9.387719549444993
9.539705380659443
9.554837085682443
9.594184601173922
9.592989692968791
9.576187489878382
9.539203598860498
9.527569247483632
9.560282414856552
9.579829683247118
9.526450889580886
9.48352416136888
9.44894881355893
9.507016614305442
9.58296913293913
9.56821289928201
9.524006026644408
9.535000363688932
9.54240541216733
9.553755562995823
9.50368615644097
9.50416371446335
9.527116970070752
iteration 4
8.594974311458317
6.982247420949651
6.78306652807282
7.160484394745115
7.727496948885765
7.131616251153588
6.289204372049741
6.747047428741646
6.998998091366274
5.943954730318397
5.805680715733251
5.688383254631034
6.5456091976596875
6.840665049859882
7.024778486377972
7.158407733791401
7.38507974599632
7.637243614434754
7.610418904115596
7.749516904008154
7.6851311965735
7.511826758281591
7.592273792238298
7.686067352532178
7.46363504439964
7.347148488973454
6.875099025078006
6.778193499802841
6.756705036438513
6.5789509256663985
6.7044823887416305
7.00188493529398
7.163078563729951
7.235314487045915
7.336977434805224
7.291291182471782
7.295216351805659
7.241475573517654
7.459645556764511
7.52251600297792
7.651863716752184
8.28561786578745
8.5100110692048
8.61869347170099
8.57279941247976
8.562774036416368
8.734950652128717
9.154794434821945
9.154977749248548
9.2707621908421
9.138228499425729
9.141496817249312
9.021736820303461
9.054005636784671
9.00146633946473
9.0681625991359
9.025330091546769
8.895204120878871
8.86185648013488
8.901215272850795
8.752277392051816
8.709413738108156
8.932849082192128
8.926772752626329
9.045823161024911
8.904584365471942
8.838830849455693
8.99718340674354
9.047517990652427
9.061945189331658
9.075905908620104
8.981184934521513
9.093216353849968
9.009002499947131
8.984656378953726
8.851480855957059
8.690218303854861
9.208770588140037
9.094572948213745
9.014518038122747
9.053180881645684
9.1273259051076
9.21826707048316
9.218177155017013
9.299462837474112
9.3476940286624
9.307776563909314
9.32437992258973
9.30660912624142
9.32102796751778
9.335531407195825
9.358490307723422
9.316594610349245
9.360624182527783
9.29193362113241
9.218861517624449
9.206787448679227
9.158910320936378
9.173378619609384
9.144367271430937
9.15755323585266
9.101527158543053
9.054035291288088
9.069554650368445
9.129803376426198
9.200511290493566
9.235824682262033
9.311359880662682
9.356195475908475
9.349538052905011
9.357340463255465
9.3294844707303
9.32986787539955
9.341678433967918
9.27979915786521
9.329440119510345
9.359246750645077
9.363226340201987
9.409228194385099
9.440539674529868
iteration 5
8.80205460576215
7.238472998071912
6.720353665234422
7.209169046105868
6.355944685048891
5.424940115677114
4.9699276039530735
5.347693298574686
5.470982194288399
6.475771150470304
6.794352363717361
6.410796419452247
6.214404055723971
5.92478102525811
5.937131437774664
6.712986640243296
6.140252507248972
6.4295807005977315
6.591665085865502
6.409376502446502
7.282929034900524
8.152492295970886
8.173136272739038
8.521404000172227
8.4534348761186
8.870266241804122
8.89967197239235
8.630159517977852
8.376474392398853
7.865623104673336
7.500725577705796
7.309489817190026
7.444694987454523
7.479403985282108
7.714613491831975
7.663225737412983
7.689056467439439
7.696590417716419
7.643509843183765
7.6069486099327275
7.607866813681288
7.760552295600847
7.913728937806386
7.965269433681542
8.056223247432463
7.85963910516088
7.507883135364222
7.606439110896494
7.775387496029379
8.490488111909075
8.51999895425548
8.441185095993273
8.380857554569175
8.36566445970136
7.91527222943866
7.727415145029974
7.481644705653654
7.045953857816259
7.239269655875501
7.2587601498344005
7.37727787505829
7.624064169426281
8.077225543142497
8.212009481660536
8.11492773952643
8.187978335227157
8.171804619537149
8.240689827943003
8.319284067327867
8.28859423449218
8.463780217671887
8.649534170418091
8.704953144121328
8.693732812981242
8.680035847748247
8.689099526342131
8.685431409576562
8.711066362613487
8.744247289088012
8.788417954299918
8.883960242859871
8.83868714708271
8.801785847355669
8.80761361240797
8.777081226326253
8.814411683020175
9.554717445794887
9.594993339523425
9.499947266458802
9.173896636008235
8.98542567795088
9.34169818874816
9.561198038964488
9.615489059556484
9.644097311598047
9.62984010339524
9.61297191518535
9.639727137143911
9.69741888106578
9.694795620695228
9.657357550384445
9.605265756785263
9.572149390370713
9.60424569576062
9.642647186626967
9.668126513924697
9.684656194247095
9.670506894016293
9.696064149497994
9.635387464332338
9.687578440615079
9.683942392183743
9.744203985679189
9.750753659430991
9.722481300947381
9.717147320832458
9.704987219449725
9.702286534782885
9.652266933501448
9.671902600960308
iteration 6
8.509409083522094
7.9992355962646355
8.42436423730014
7.655357514563004
6.003032014307393
5.839799809488514
6.009705100264443
5.8256721295711085
5.580218601315755
5.774676864146659
5.8808637681389495
5.788595417630363
5.706128271423966
6.144696313879353
7.019521957463975
7.1074737860148085
6.882921729271719
6.735498669048148
6.689709784070237
6.994813746148953
7.3568014486976345
8.009524818929847
8.3782617429891
8.81923056432066
8.923999951503488
8.509723735147528
8.467107684797305
8.554145374636917
8.77698972738067
8.885104593348318
8.708534506078239
9.00761337782385
9.073582816607319
8.924284574139334
8.764800428723607
8.577068930816374
8.668263949805642
8.77535365736653
9.208510817950888
9.119533660974536
9.029140476241219
8.82751086012994
8.59764871695319
8.780044005450739
8.906546812537497
8.958071398727373
8.88704462014989
8.842123452734397
9.077040692417206
9.209948799519307
9.007785288967275
9.063720828702944
8.930906043184311
9.184851769683334
9.366759814361215
9.386070402041804
9.398406611995368
9.4247605638438
9.484452476683302
9.430372758065234
9.406390692111094
9.357129656099564
9.441874148301219
9.342863057586671
9.3440948735369
9.353117742769685
9.33127025228839
9.297191077908296
9.33331889100444
9.367402784813322
9.415136142293864
9.3588832780273
9.37933402104851
9.35657253195772
9.43424693754804
9.505275252399057
9.47026316816359
9.522571798901817
9.509188148621
9.481141388399697
9.490254721666549
9.572026243258733
9.578803545053963
9.627774531962775
9.643459113870783
9.57860608487382
9.321214952982494
9.305992650449399
9.439755375427866
9.545674507211173
9.408094126063844
9.440880540493854
9.618294129881674
9.660433326048796
9.565739109616638
9.5456488813274
9.574703648968502
9.646822600352401
9.65242600446953
9.546291382530555
9.5888345456362
9.63376917211544
9.620538140960717
9.561518225863729
9.571569789954458
9.579212016089159
9.586043021594985
9.612687181649328
9.565214058091875
9.504170739253302
9.62829992293195
9.664794275234748
9.60827440654829
9.624658954325215
9.690735333339854
9.647208510152595
9.6466687235977
9.673004942945996
9.64300616910365
9.653797150567096
iteration 7
8.527661052310597
6.76031438841201
6.5624401988741115
6.978286990727372
6.720204163238828
6.493510467272504
6.401285307374911
7.182218376931777
8.510249199630955
8.83705496192692
8.29084164164823
8.048684696114705
8.168744718437162
8.078682389486907
8.58050288886755
8.693471988549424
8.487826942092983
7.813145604102992
7.495820802045753
7.483532294358849
7.421059687505069
7.3774544991960465
7.425624355356665
7.470227711472727
7.722723908075937
8.356200070665333
8.356762136630994
9.342896129474227
8.95013888094183
8.601426858735499
8.524711960542392
8.351651357087327
8.466695294227907
8.715640111890133
8.654975802267215
8.483023201974778
8.508365472055512
8.285696647909061
8.318225433770767
8.459104599703974
8.951381167694105
8.994758058157633
9.065826942408581
9.127281774783542
9.02304657630953
9.031508443891907
9.16942500464641
9.078170929750186
9.285498288058252
9.150588119018755
9.181170047112674
9.296396724242419
9.207873800889637
9.179715224600397
9.387929155874874
9.395374374243799
9.302769586618403
9.189997859221727
9.266704701811001
9.385919157585828
9.228696564814078
9.260244733763423
9.245493150021401
9.21691024041025
9.007561449339534
9.034330147073447
9.099875504836257
9.104913263948388
9.186342044614497
9.186442041153832
9.139315507117853
9.186982001962932
9.167118318342427
9.109430111121975
9.24052525138356
9.0762083453524
9.033571005711782
8.975898350170796
9.000452336191373
9.033534976615009
9.088071269253772
9.118641487693012
9.291336703568454
9.358820854881785
9.18423126375516
9.213935559699154
9.312664635965012
9.29565940825314
9.318214649712475
9.392865897409001
9.46614123620593
9.383854695518778
9.359405046161392
9.343012683636275
9.364272809695134
9.4118148253695
9.390296405722298
9.401686925242709
9.319900328730844
9.393369594090823
9.410623290329427
9.351659518920945
9.349244825138591
9.396915272979578
9.389048551501807
9.430187452761668
9.476185141102633
9.500179769890128
9.45960778578211
9.44602454689513
9.43158410588323
9.501959199543007
9.439574979478312
9.500099275023093
9.456309811205688
9.426096924713836
9.455973674818983
9.437848105522379
9.363379500341274
9.38253643937381
iteration 8
8.697447430750964
6.9882044753069055
6.846354511222702
6.767923159679437
6.614234600982853
7.784703421200014
8.677623838293995
8.412562523248916
7.91133362690763
7.384160727809935
6.778549790905145
6.374166435824737
6.82563076605805
7.672342884858134
8.046788537771857
8.053564330269879
8.064238495411388
8.472133810607806
8.555615083252373
8.104296200919608
7.916818607645224
8.012026853544665
7.9013578693657385
8.262420517587303
8.462727698980851
8.62553606817518
8.622246133463184
9.065403556785066
8.966690667008983
8.753257031271174
8.562464063869589
8.42258695485607
8.369163024055503
8.366759829392455
8.439200198110537
8.521365054260142
8.758145529326674
8.644203461735957
8.699842124187937
8.677338600359718
8.824499838432581
8.776347899724392
8.688261696996687
8.904617253899625
9.161849923642947
9.10044532595596
9.228049883030765
9.115599940561134
9.014123653153886
8.620019644784389
8.474149694495406
8.329203377714547
8.284967078887343
8.481722078528358
9.23492071157445
9.255086280677563
9.062557433804878
9.260542819044662
9.22528782992065
9.27076942513199
9.27485598651162
9.23155291229115
9.235128927111028
9.14598049820444
9.121585891897087
9.153559723174395
9.139824033213763
9.197240449833195
9.14410225986213
9.070190489031939
9.189729057638901
9.182977946641358
9.219308120889842
9.23910770275708
9.317488553926024
9.311938870920772
9.349423060404547
9.369654660475582
9.373107236016198
9.471120289078467
9.408502831686327
9.393608501752468
9.42670861097429
9.408956979106074
9.450275642242461
9.456635380596559
9.432717048140672
9.53894140875781
9.55911709108128
9.521151429332201
9.549027973145389
9.512544599991752
9.497880607301642
9.475422974327843
9.503249324338132
9.548446961017921
9.575657372521228
9.618908507423077
9.55097050570175
9.538835869201895
9.462369268549326
9.496180031368276
9.567564689859394
9.6244813173868
9.665063635047835
9.622489662540916
9.581200514551517
9.559056841246113
9.651896249750624
9.651940872184575
9.683072861853093
9.683031088823578
9.629294011231218
9.688674313190594
9.706713426938665
9.695775050657097
9.622250622187208
9.612371810921731
9.58991132911711
9.60772215422917
iteration 9
8.636624753815386
7.05381839333014
5.975916452693883
5.811122095407422
5.749026623504626
6.527441678938584
6.077873373593028
5.735660439603619
5.9624740776474345
5.883051431732801
5.979810283742445
7.080246900798306
6.920714868770732
7.02333655292073
7.186388517385316
7.812637865837322
7.818753539936877
7.983952190514751
8.065857685082834
8.449320863060846
8.868794201674781
8.81887768493532
8.77961908403175
8.752072970381317
8.815524767973182
8.916333396029275
9.01280271829833
8.948377507346907
8.884307764137544
8.841815022836997
8.986547062781664
9.077816839850033
9.184994352337918
9.267962732444078
9.325330614254513
9.317228668388454
9.16012974059867
9.098214333957383
8.866627955806564
8.961327392491917
8.83886473201833
8.718489211172638
8.75348117773237
8.665221390153826
8.936076328751328
9.13285641591569
9.280596918702374
9.205310507303693
9.296428019535504
9.300269233058593
9.299020676333663
9.27665487214217
9.287597491563826
9.32270336653358
9.418068488744833
9.46273849754949
9.507921673971193
9.449264353072612
9.37483348424026
9.377216422115705
9.429106495482767
9.432035307649336
9.40866641169137
9.373241057194356
9.449796931273266
9.426781169839925
9.443562161313462
9.445977265355623
9.493531264288718
9.483317139891941
9.561764178973503
9.508671847135304
9.503183359382334
9.505508400753445
9.485169556156452
9.432704420621892
9.439495667299747
9.454474138624578
9.43562523519071
9.422955001628031
9.538119048056686
9.500442586534724
9.455922757743785
9.504594535646026
9.498457704582785
9.490057904198954
9.43326896910247
9.427311531034057
9.466921654720192
9.472488025673089
9.62828521605536
9.546304956158073
9.53448688273216
9.54178168247202
9.699098807938467
9.715330268010295
9.789637702671351
9.746207140723055
9.76711830188887
9.774948316840707
9.72409070582101
9.732952206714046
9.760975685129893
9.78217763894925
9.737815520345968
9.74644665401413
9.708659837452755
9.707187568710616
9.736065993797318
9.747588648032083
9.782690980777666
9.810121025270808
9.803526380196853
9.792810309721945
9.733438793664872
9.735811743734358
9.745274297811166
9.798580722594115
9.747444121162737
9.76539359305698
iteration 10
7.379816206806887
4.477806119464709
3.56082962440633
5.035042070292098
6.2899613392554725
6.880169036716943
6.17877669825446
5.556020615416469
5.4030708752802585
5.220368286972193
5.679864604773387
6.516129706363645
7.504648482796241
8.202717994431335
8.189935589517033
8.186612695118956
8.079658667096146
8.143609283263084
8.125245194157467
8.080253394557987
8.119586954264586
8.16719000891364
8.266313312719898
8.826634168734845
8.806496176344877
8.765374166758996
8.881588232908571
8.895369598698359
8.90379176527819
8.838958561918282
8.856338174725032
8.825181296568708
8.959617265616197
9.01664268123559
8.976093014926805
8.93741860449586
9.015297265053544
8.895910292095817
8.974731599326043
8.924201236471824
8.778646773929838
8.956547039814899
8.987732313941347
9.072766263047875
9.27388740831272
9.348349427875537
9.257487082538379
9.233078181079305
9.303956982474181
9.47185896209703
9.468080282085651
9.533416942356324
9.619228364219104
9.628582155746903
9.599159608325264
9.637177588286086
9.577148382694608
9.577202149245322
9.545794050596346
9.593881568508053
9.55682777622362
9.588922587035746
9.46092966176018
9.566203721279212
9.616469200440623
9.541002817243823
9.588192995177476
9.594173399204674
9.611699704996301
9.672660884881125
9.632791699231285
9.588721545572358
9.699383595775164
9.748856389086027
9.744689236004543
9.668188654748176
9.609633407070383
9.676797991378463
9.710807955166972
9.75017967140186
9.75234862579208
9.655327306665816
9.709534842773682
9.699238729938733
9.685603958021206
9.669686424724683
9.701885338283107
9.71209638676227
9.706483996204986
9.654671163959268
9.729488552420152
9.712236101138446
9.685926383832236
9.652062378296973
9.711630962703788
9.675738780818588
9.707704134402642
9.760020628359214
9.763799211077844
9.785356352708723
9.741252125528122
9.731349523737936
9.741520586173953
9.769292490104055
9.737619452790327
9.747743144848657
9.756501753764176
9.749513984213372
9.742170557648796
9.7119669043143
9.694888002068911
9.723247428954737
9.721804263126913
9.668006216618501
9.711790501666762
9.704603694137605
9.661310373567925
9.697798950402195
9.703932081700886
9.73866943398416
iteration 11
8.755693894789205
7.487318605904933
7.093514997516549
7.070765118523343
6.346421051460885
6.394508030968805
6.6739958694595565
6.619933548175576
6.856097422574823
6.722462560523587
6.643081201859075
7.180119910617139
7.333062415796507
6.906052933869631
7.0915473820039585
7.22090161232736
7.087181220600855
7.007278767591928
7.097901638270509
7.6965560318480195
7.669819921640469
7.9490149578468
8.770766140617036
8.997359153919888
8.829391924019609
8.749024585456525
8.705298796748725
8.514828870482638
7.989528838786268
7.769092489245398
8.140216642900981
8.31446385168282
8.852292521663504
8.986978969743369
9.111847545287088
9.088301065517808
9.050091515278067
9.049067141141363
8.956915544925472
8.633170324055866
8.481496662903698
8.821486268926026
9.199511120898311
9.186205403292053
9.176301306531649
9.288116261766502
9.284748144842823
9.38918136233501
9.421521243356143
9.290607426931166
9.39723578129224
9.375339120256688
9.408211398091836
9.455302752118296
9.441524072386551
9.390614534600715
9.403771054252324
9.411955402250832
9.423142458395327
9.423468683397354
9.470920016330703
9.459790770006531
9.412016348746139
9.298116215318101
9.20472118821673
9.248172815617606
9.113761764943996
9.121635985422158
9.239066117385216
9.21335417966121
9.271199636673913
9.317278290520358
9.182325165867482
9.158565288783542
9.256489507908434
9.330962170722346
9.352426640860141
9.290180293703889
9.249739446000195
9.186070117708423
9.27596653849755
9.31605922925128
9.305897777973398
9.28904133475245
9.309268883462671
9.339551619954662
9.386694967904846
9.406632362638994
9.388373315889927
9.40964060625478
9.418756405267237
9.428191812400273
9.477914509992708
9.435680266542953
9.439791768380422
9.483139284170761
9.50394955565471
9.489325708324698
9.495960639425704
9.524784795633677
9.474952597871823
9.448719853861265
9.470764806247818
9.550742818163908
9.532958735942614
9.576708047114337
9.586148846815403
9.562788706591771
9.569593212620441
9.529606909160611
9.516028486071335
9.496033777815489
9.502962262635064
9.544637627918355
9.529518058979628
9.553049743869911
9.543248852099174
9.551196422037664
9.545383039557173
9.55218548073879
iteration 12
8.46044378227355
7.640305517301764
7.856008903178773
7.429528067931497
7.502636525562249
7.603626016208234
6.996959300223203
6.277556342843924
6.009920749705851
6.0880329689628585
5.9326459546226555
6.233257721199137
6.547928805578866
5.746959753157499
5.164400731651978
5.468406176339912
7.178077855796472
7.649453809847997
7.681755314777461
7.817340562311919
7.829024112848922
8.917779834201815
9.062644473512748
8.984421455775482
8.821463640983087
8.707383402738511
8.631115981962017
8.318122020483763
7.857855013041964
7.683102008716941
7.716598440561941
7.77810898030402
8.071707469847441
8.242272192235625
8.272922749099623
8.326653657731038
8.10254731266265
7.91464457477948
7.851845452979902
7.742505202622546
7.716701198048798
7.750894635186409
7.865975984279991
7.909803347851586
8.009555666690364
8.108660231547066
8.217525271390599
8.231705082648208
8.137524375317428
8.006497508802301
8.086412243090063
8.37643628030123
8.30038273748665
8.306223258641234
8.404977408080455
8.48792506664767
8.460877093535665
8.447039612403088
8.59440004740635
8.717100347041587
8.65641016037594
8.648796780601026
8.815134970586515
8.772017266382333
8.85531462722266
8.900127421052906
8.979695698206028
8.89273198253648
9.009473609046935
8.940880451599103
8.978257053024164
8.988961358577468
9.07537018033659
9.028784397727636
8.957805474155073
8.873719446414404
8.90945303208012
8.988345943634275
8.962328269445697
9.052716308382962
9.059563136116852
9.033650595215878
9.064309415046305
9.1231271591925
9.12060123372337
9.08935101783601
9.214382629325286
9.199461730305453
9.331701695342185
9.309636278511393
9.235478380037245
9.101489543720398
9.272525963473566
9.146840764632167
9.12722450710785
9.22064740773675
9.301119223867012
9.207620849864568
9.195081718500385
9.128188946775342
9.093780061768962
9.113968086337136
9.307856779641751
9.237367485403396
9.244782195483253
9.315780474587262
9.40325847430371
9.416551117520523
9.379942797490981
9.41174563431295
9.471015357813156
9.507352966802543
9.535736203878285
9.527375125524497
9.467405055883477
9.465793147309416
9.51448918866763
9.53340635531878
9.547698581908945
9.618567907709629
iteration 13
8.501742624145548
7.445623498744522
7.419282296733512
6.609266925629206
6.217019825138671
6.28667330989158
6.201287018014517
6.122011196305018
6.919716381569775
6.833801979414442
6.937468996844466
6.6944019089639255
6.800553692720879
6.694481384149963
6.715185094272559
6.435588954584356
6.220004986116354
6.140848422633172
5.980811651037602
6.444736032397323
7.122544732609665
7.390592953951963
7.335728583036908
7.565474957355572
8.367088319719466
8.531319698724024
8.373032164726252
8.30097330079141
8.001865038327798
7.772184384496232
7.9464978923916085
8.350979558443857
8.60177505782478
8.370929621951753
8.59766068721913
8.66661967871535
8.740883438938912
8.32945079173041
8.436313665765686
8.81789816067085
8.74361514235973
8.68855288261842
8.707025094485214
8.785874966243831
8.752370862051698
8.816408274727104
8.817456225661166
8.791417962791247
8.742845398451873
8.81678266699064
8.832380944727689
8.826437216715611
8.784490411354517
8.809155539941838
8.823293040937058
8.8334162177055
8.874557903685927
8.93093553647579
8.901593515173344
8.879754639049226
8.890515018706413
9.123332544655836
9.215572875507146
9.109956058954204
9.045494323733015
9.043675413172487
9.087354073082956
9.059545248752842
9.1235798583477
9.117168014894999
9.113543195730916
9.148135295656482
9.176064080278909
9.138358874834234
9.145338093479744
9.1549638021783
9.110872829418016
9.161287783796071
9.179126932974809
9.113743171391201
9.114053340934149
9.111174734518235
9.124981365354039
9.120567785397377
9.154569870825638
9.12198983621209
9.1221137382053
9.094836067827416
9.137772293504904
9.115469309102366
9.170634011217652
9.179584872955836
9.139982470001806
9.13434644424039
9.074426271642942
9.070499069391225
9.118965105709004
9.097882440252805
9.13566335858291
9.180747240149886
9.136156916298098
9.13132599923483
9.095621080442578
9.081551070406869
9.080192793371308
9.03263144383697
9.071901722004958
9.124255010952414
9.255859734935527
9.135718064127305
9.16213648635275
9.151681651305267
9.122218664860856
9.100415970623384
9.126053819876446
9.136895328762831
9.13765923406788
9.128492062232413
9.12421085490421
9.164159152955202
iteration 14
8.196683473049038
5.328056945380863
4.4156531037653295
5.028039765374376
5.463887836100877
6.201068006197936
7.676856382615868
8.081041494977315
7.626263413075723
7.343671028830677
6.835767987092724
6.289246660690176
6.434583290973178
6.376880626609289
6.4444780602450695
7.223973783827572
7.689718653256128
8.117523592662206
8.10575481346065
8.088830588447506
8.025784500671614
7.949003333755991
7.900955470212685
7.946791996279961
7.911264493042853
7.788052294217177
7.5149905224005655
7.390322257856897
7.402176386081285
7.562058029002254
7.673537225740984
7.724083587808109
7.588635925038647
7.601013684781282
8.00793977119133
8.669086985338998
8.345206435950203
8.07097901874846
7.878122252691518
7.958653507214965
8.114139528171131
8.312665829873028
8.367235343267705
8.271305108100025
8.222988312175145
8.231616517520118
8.09325265137609
8.059286043919334
8.144932578968039
8.096125451636475
7.934196761516456
7.876366392052864
7.704304172303348
7.5289863692180985
7.614164544788695
7.640203572813878
7.304555628493379
7.759249573477298
7.974560548779494
7.960947323687083
7.936194223000823
7.675065917493463
7.631069467849529
8.125295323066178
8.54060633507683
8.352845424698243
8.531828869819568
8.851880416025317
9.06367239386943
8.754769648772857
8.733947708360319
8.86758755298231
8.833732296232936
8.67400974803869
8.685037560339817
8.809687307669888
9.019548306951291
9.170724493441135
9.160668489605726
9.197327075204063
9.270123823462766
9.253665632852085
9.264162464062874
9.272548138617012
9.370899580463671
9.345053354423856
9.27212928174044
9.142473269918323
9.22824498208506
9.238172726132408
9.338916300358022
9.285052261499189
9.271122946686901
8.908793702919215
8.80934398021325
8.707896462817182
8.748354529347647
8.823998708489665
8.89728137148987
8.736086577674053
9.145430270105722
9.431137799021185
9.462853690010206
9.41927763367961
9.414324235497402
9.543409243368774
9.483269528339834
9.513576143050038
9.647622538929578
9.47490035936011
9.4421314752212
9.361295854373571
9.468080178994414
9.336724482653528
9.625291450208316
9.638343039974583
9.623080750273092
9.72235028830557
9.696405285236333
9.685305286083311
iteration 15
8.356940588027785
6.277281628727922
5.918376309261508
6.523361148257144
6.575732768536673
6.593700018882719
7.500175196647198
7.4837552028441845
7.506762246955218
7.5886585167445375
7.543814427289254
7.866785935716045
7.872627632872284
7.841154951830852
7.8747246286715065
8.283820591940207
8.298579470055484
7.887911411308697
7.684644684522085
7.854154662089895
7.830821173470396
7.4172324388368125
6.905730767308487
6.715682525354314
6.553736572830921
6.6774097214388455
7.139719179983311
7.568804746443701
7.486914792455018
8.033959650931891
8.372415562450074
8.597897418613027
8.598709812556908
8.591622254485161
8.578940152716042
8.4382640034279
8.506818781738097
8.968957068226262
8.790148304074801
8.669180111191723
8.46657707095937
8.781313145317643
8.882638320842172
8.89175925797229
8.99108674691918
9.010260838349753
9.04714681908783
8.924837526554144
8.954192621563738
8.984114463320502
9.048887087694606
8.995293634451718
8.847712454615749
8.992851860461991
8.96024223158749
9.00430723952183
9.080345361852235
9.184898843501065
9.18423156404094
9.278618433516202
9.26413224057881
9.153045696714987
9.215728788261181
9.18320772409483
9.170633072570217
9.247686407069528
9.282416699771124
9.211236506614462
9.256092865010729
9.335753163276376
9.376260071330128
9.149253999755285
9.105599467480902
9.0877536784869
9.034837729827126
9.053741217622497
9.043944168304995
9.04510524338502
9.018554790606622
9.10500057224261
9.18175034794226
9.204807654760847
9.205264781779823
8.787339180389509
8.582527983037496
8.65797294431793
8.625658524263894
8.642301823878684
8.483851885928043
8.548766714876997
8.657727904290095
8.546669529529657
8.517051439589471
8.463499971001962
8.4995874062551
8.613486061853195
8.54648763815115
8.552485496656123
8.667768424633215
8.814438692529427
8.919615980641677
8.889226979248594
9.025856542315655
8.951325748573963
9.021856092875046
8.989441895551115
8.940314446122926
8.845246564348647
8.7908878277364
8.891332625695295
9.001015651949775
8.926955876611851
8.966861125853153
9.020366914657028
9.100910235966294
8.995595734577227
9.207472481761307
9.165653913829397
9.132438297944578
8.998503243671548
iteration 16
8.468031893970718
7.086676254182098
7.53848562146858
6.433597574923364
5.721096621119008
5.045087357633926
5.37527670124598
5.218734158023733
5.153206598114695
5.508795840352567
5.723773116061474
5.7984818744868525
6.035646001903383
6.736278015555318
7.47219235186781
7.7344711496862315
7.792410433559457
7.7982674480947285
8.176547863448535
8.332266826457484
8.68169094039377
9.115872614774542
9.205487774080629
8.968699950558761
8.88135331831714
8.914045990348882
8.83393950374543
8.966212096863165
9.495425514693851
9.496244204128212
9.521963430597504
9.521637382605451
9.52271561554795
9.571394179709209
9.512979108479934
9.54170586159837
9.449622858676392
9.52439715934491
9.408403371590056
9.355949714566039
9.31499768347568
9.240549706165213
9.230480698457047
9.302186017394238
9.377682247644286
9.250882768371573
9.18707716903865
9.298433396862064
9.254117836393148
9.209220597154046
9.350081746889902
9.366721021510036
9.494571847431443
9.566477447221224
9.555278254899472
9.620724617881603
9.548113819824081
9.575881578586927
9.594711508368556
9.657490971982881
9.614882329641297
9.682032838818273
9.70188351297087
9.63110135189984
9.674977675699761
9.691938627745174
9.6847502940637
9.722783502138242
9.668755164979117
9.665447585352773
9.688938609693786
9.66923859911818
9.659534084507175
9.685870954194673
9.638348890013226
9.622993467892105
9.706834097035829
9.761122299258648
9.70006111857865
9.68462824613532
9.696649801452303
9.75073617569334
9.762074826629163
9.710709710159305
9.714364801495298
9.741706720572354
9.708251982886296
9.726233497940571
9.690854727419996
9.714629994197832
9.728137143790802
9.72744620574111
9.6776011662686
9.645941949000049
9.739532237148431
9.750456876208645
9.760254156660023
9.77702714151515
9.70769035588025
9.742106372756991
9.743454610250417
9.747525804288333
9.709264917298148
9.651674959139745
9.709869301439578
9.72623496960574
9.71437447255828
9.723231757834114
9.694214280692476
9.712043722927781
9.718351024477835
9.737855414513966
9.715423767518788
9.725131856346485
9.731627326789122
9.669291227094327
9.683915391440754
9.715490742081355
9.708224816766775
9.750077006114893
iteration 17
8.105583207597512
6.747196659559638
7.606365488907032
7.803569172827414
6.330740818954491
5.096114987819575
4.671280528173618
5.137919586952731
6.086443021877732
5.390408213142758
4.9519816300135515
5.114165244661232
6.501108745705889
7.372649051772046
7.848743950334786
7.447379583697402
7.0087023696117425
7.937283925638216
8.165415971661607
8.147883460542534
8.229277757169106
8.204353362146266
8.004928586911058
7.788348510022315
7.696103373296604
7.373920814075388
7.262178620414682
8.18431395913574
8.560532594017983
8.68841444873785
8.804221202973892
8.85962000480156
8.872701421242041
9.013086714962292
9.036803064956219
8.98579449078441
9.019364165602859
9.056068686881153
8.861094506711835
8.775445096360237
8.645679316892885
8.556934967869958
8.441127017284863
8.437326587726995
8.319383404032855
8.468416373782226
8.252667007541792
8.332209700308931
8.363784851326809
8.240450901529151
8.227640405196178
8.05366575900593
8.171767541738431
8.245720094115823
8.212172243600378
8.669248133507963
8.677929505214948
8.750160980464909
8.957528682022076
9.039270398350167
9.032166256106896
9.182646367132739
9.118836584498556
9.055139052079081
9.272309761530146
9.370197183172902
9.357461316154604
9.421662860461135
9.466167033799302
9.478874513281482
9.501838173312224
9.549246823617612
9.537599241776759
9.47747757420757
9.570275034118527
9.53467053349302
9.542014628429843
9.523096393291189
9.438753203677475
9.472348219466058
9.62654348491638
9.661529285421445
9.66129935681222
9.593257190276052
9.657132555280247
9.642786261866712
9.627545387519634
9.649656523802408
9.65579908276103
9.641058984256178
9.675125307431399
9.674449882983644
9.627004030194499
9.631255920737667
9.630150104729697
9.56691412831724
9.638024451407098
9.689499103530114
9.701420765645771
9.691327757517783
9.754581775031987
9.704082562922093
9.681745057097627
9.689023127641406
9.674795031190197
9.670582423696189
9.739724331996648
9.699894444089052
9.733290385659433
9.65284820855976
9.703972899985159
9.69551685520749
9.726994611199862
9.69978268530272
9.668921487037256
9.72864212194605
9.720711949097502
9.69535473083712
9.704778707592297
9.740418842272579
iteration 18
8.334520588309935
7.891001752269341
6.9558636279697454
6.045692685837947
6.364825317233753
6.1614479866996
5.493214782637283
4.92027609658274
4.534679252287052
4.025427897998309
3.7083022243498056
4.368369511305524
5.3177810760136985
5.5506799695957625
5.30038442048041
5.497658725461364
5.639200439584091
6.48544638388382
7.40173778591813
8.027077028030075
8.185745192526335
8.352731675176372
8.76092157713736
8.92315083488617
8.707291826727046
8.54118819247073
8.600028676124333
8.655316646020204
8.728701544147638
8.808710460667243
9.045560929933615
9.09995307110107
9.298329006623097
9.26777586795515
9.260333913427704
9.325459141015422
9.391919324155463
9.372662996199715
9.523373014623456
9.426966725897975
9.402148691578951
9.473142770757022
9.611083569828914
9.583797874219895
9.441864061705065
9.441686632583428
9.391181889334314
9.485585082458146
9.463517758950077
9.559544640248923
9.496605796634103
9.603881044135308
9.639470105164458
9.692935761851814
9.652738947294887
9.636747885315675
9.601768035021784
9.682471806577112
9.692679265877146
9.71146175704015
9.752262401153859
9.73596099145406
9.7013136053308
9.674211371520146
9.68746157190877
9.726816350244382
9.751198550557312
9.753557091544986
9.76878088435571
9.713887275431194
9.563626752713809
9.526745598747008
9.576837381721603
9.543165333216907
9.525817449454673
9.602260072783096
9.610544003686142
9.557813597470748
9.499726822079186
9.535560108618773
9.493506666177064
9.500789196216719
9.556178415163672
9.540149660667847
9.47027901144434
9.511202320643761
9.467126869750365
9.433595578205441
9.437152255243582
9.46775043087535
9.439918325648232
9.48580289350065
9.50700462224517
9.376990311907242
9.363504716458978
9.343202554780815
9.460358196478307
9.432840026123323
9.421441418839267
9.459838017732928
9.431654972809902
9.39728505373667
9.429829579631456
9.392767734185544
9.404092601971623
9.378130588295239
9.412319853357562
9.429528569383786
9.444590991965855
9.415820088648568
9.460024548490471
9.462880833669738
9.38807715071393
9.402424560828528
9.388699631437872
9.42822134134355
9.372911845469849
9.442273455837785
9.430571866711857
9.41459051405927
iteration 19
8.922252861362796
8.022092815805287
7.666162398442115
7.817374235308863
7.425278378129604
7.021830431715151
6.100101816116551
7.133042328501349
7.384387469261206
7.2342094512719255
7.442948907460082
7.597674114686823
7.657331950398445
7.811883168214112
8.074385125284401
8.051909070257077
8.250648703326712
8.704615754625351
8.55057372353626
8.323692700238508
8.41822987921717
8.508696609574663
8.40459123067172
8.246563075178843
8.190369139571873
8.0741593378493
7.941672033267944
8.48273476830865
7.940846331640771
7.650587848344401
7.710153684013908
7.999756417466717
8.100611845253624
7.683761334947751
7.948382654460098
8.41894179169172
8.47428960604107
8.553596547898131
8.729729881979699
8.736584872609914
8.638554305481131
8.657003491154835
8.690786297888733
8.710898657029677
8.37343230784176
7.961214774604568
7.911535648327074
7.98812112554897
7.850798978061417
8.055420947977373
8.27214447558648
8.348548003852624
8.405612905910822
8.420512341297401
8.421964079676256
8.464678562940174
8.492068894389009
8.54909034312142
8.445436058749584
8.274386578993308
8.39180010120572
8.402548967699886
8.275941606269049
8.338486710746317
8.324934688819313
8.22309144126943
8.189796194535415
8.222328338009712
8.258361497869693
8.331035473218085
8.24055249341312
8.216363839297829
8.212458904773845
8.298998707972352
8.529196465266034
8.7096798417328
8.852277778662838
8.703676997176904
8.734041655182825
8.615502947979223
8.74453265776551
9.002040418066052
9.106843119926028
9.162027543340303
9.159988161934399
9.151801358902247
9.123788624118657
9.201891594618214
9.144682163488175
9.154015886076788
8.975795706094619
9.0468947710473
9.176717450387471
9.116887766112379
9.16368003207598
9.140361742593456
9.201494876482004
9.092263329543876
9.20405113506235
9.375443592396135
9.336389929699893
9.308364923300594
9.411862589495476
9.435953731534346
9.514365017943309
9.557065435098641
9.330872712191
9.027573603192675
9.001705342517607
8.839154628235075
8.785855329168529
8.745847648168505
8.747307941670101
8.804651442742783
8.80355307060845
8.767832899251822
8.783726927955202
8.842181402909882
8.821958349758
8.86919621818
iteration 20
7.816540243195935
7.517533292034373
8.182123100607706
8.27433462224996
7.110675703577856
5.712224886400693
5.375699429526944
6.809730938975937
7.581380204277399
8.10365123099053
7.561994244622473
7.512582357578526
7.301333703909163
7.040503401350972
7.356734511217553
7.865151474980267
7.875712753013306
8.48941348777205
8.67164278823901
8.399850413384904
8.108030774336646
8.10466185748073
7.992864863549996
8.113891168982027
7.945655843836521
7.829136556153632
7.887860307194973
8.209050758211482
8.345599983823112
8.201095566208087
8.095603687175592
7.917744024593551
7.9340542722351675
7.790246387826444
7.670267782890849
7.837189091939656
7.87292295406458
7.822184999761848
7.856733153266467
7.837682313367447
8.04102239647405
7.9746616970609105
8.141959423951658
7.955076645240741
7.794615883623898
7.877001993756468
7.624376825183309
7.822081895782483
7.828647749437661
8.03326493290635
7.96840402241272
7.9756427691832705
7.9314708251698605
7.922555404629316
7.96996443582407
7.931167462408829
8.122647524596488
8.496962424477486
8.574143943277166
8.481482166152446
8.50751455302753
8.637253779802705
8.644273445992958
8.663600903861024
8.706852065690317
8.72531298567542
8.75378545025405
8.889554613979225
8.954019301033227
8.873814748948284
8.924044985180137
8.88542060655368
8.94226570096281
8.924905524119971
8.96398593456262
8.977923279627861
9.023632999842254
8.984923918457469
8.981839712586124
9.140453068573155
9.143249321418297
9.130969364284123
9.131944206101426
9.164166810789963
9.183094442986013
9.183318466237061
9.178626115675227
9.15159373177623
9.174533216526967
9.268705285273079
9.259144859018479
9.342697676736957
9.33876683364912
9.331986344717675
9.271233634417928
9.267494503465057
9.327315102930678
9.285801397862718
9.21692411264866
9.254812235156429
9.283033539238208
9.303946874501984
9.340070298312922
9.306870748410494
9.320099824850738
9.370553732812155
9.33554777274303
9.326291118780865
9.310281104278664
9.346335256871374
9.379216934973973
9.393787387344833
9.416263408143772
9.399818648236385
9.472104493957449
9.547534269242764
9.450827272316532
9.459583684511932
9.562637993931306
9.471718998889402
iteration 21
