nb_arms = 6, budget = 2
08:54:15
iteration 1
4.596213385473836
3.397114504128568
3.7479479734877708
3.864057194540917
3.403783878799731
2.985703527986386
3.0531420165164054
3.3809051440972593
3.2698463929126347
3.486019473519518
3.553346053433494
3.8293037424364194
4.322764534421311
4.655741250079213
4.766039996068076
5.080466438982365
5.404458530595987
5.416937239769577
5.381535043273744
5.283078829834069
5.278895498147262
5.555140129922532
5.387509040077707
5.471873325196893
5.495738497398166
5.440188171602918
5.419218222178962
5.506689559547169
5.43740536575533
5.2990765338375585
5.274122711069872
5.096412507136707
4.9348348920229
4.885438703842528
4.940509202970766
5.2429653251741115
5.496297115953448
5.446657605223639
5.288535368842867
5.120055200974776
4.907268567199879
5.030084197948716
5.393863690314596
5.505070126049208
5.4551254508991915
5.435707871964651
5.487477343942758
5.485438511891809
5.4446649307505375
5.413104472346316
5.424617723745383
5.452473345234527
5.451809634229795
5.504356584427257
5.113539132505426
4.833474481472332
4.721390446872661
4.728426216977256
4.831103845281515
4.94088226203238
4.943541367171594
4.897042654159718
4.864034163919005
4.942660681776166
4.922089259542017
4.932618107641968
4.969003747593034
4.920377424523798
4.8833144238792645
4.951309464318493
4.9705688674926805
4.932208399123505
4.898120991517139
4.894806539698632
4.900102821705478
4.900706681396905
4.928811925745259
4.957148261302681
4.928756799525917
4.973891295247266
5.021771685689576
5.149414135064713
5.196587531718103
5.253662870734139
5.242943681361803
5.1361622181114726
5.2985172650932455
5.343268292831134
5.377452559065439
5.483475303679753
5.477986770236755
5.708039605146721
5.687962607076787
5.605102520200888
5.6122966214826215
5.654511815153336
5.678208250220109
5.688252188501632
5.729461245956654
5.668482674518251
5.6346907818673175
5.627303723171475
5.6144535932462425
5.57267132969722
5.645573057061402
5.697840922286356
5.631021793100263
5.56356528273034
5.555892557253063
5.6001974906893235
5.600062820648326
5.598815279047886
5.604124916427199
5.615843131686776
5.651500299173384
5.673228607358396
5.666416026858927
5.642618624868414
5.594169485594262
5.647482889485039
iteration 2
4.644722932105158
4.2423848508356246
4.383894110001431
5.042510986529922
4.421469451313116
3.4896428138522695
2.693406108646037
2.5010531790082124
2.397180628790905
2.4020438943419684
2.499027931795198
3.508856109445872
3.6035451970225956
3.687383570644312
3.721265579991335
3.728082063202651
3.672345275802544
3.67969726595903
3.7448627519535096
3.787680083084007
3.845241375185475
3.7362960953706423
3.8708361822765496
3.763690254895704
3.7749436134623253
3.9137513071850596
4.021416167551649
4.213404884164315
5.223797326658725
4.957801940164026
4.685088587588531
4.731295777582982
5.094419484790783
4.899712751736341
4.712841840291137
4.494303852797453
4.4693046301826005
4.439796821553444
4.604066894661509
4.721821676647657
4.644031425330678
4.537814775678632
4.436768317139939
4.41244094422083
4.290469578004391
4.210860635409947
4.238301050415495
4.285863393557045
4.123989791702656
4.257679147127754
4.293670032433429
4.2099863546909235
4.053128579396503
4.0400713768624374
4.0562256048279295
4.047423143372597
4.214369127592173
4.29166835269032
4.1871380090967225
4.269824668338961
4.286278068211281
4.385988964962239
4.378772915951317
4.472918561544237
4.346792292323604
4.3995805352088055
4.3986288891016505
4.387944537554043
4.418996886186215
4.421992544443921
4.541845761920598
4.500859272698889
4.487289030562479
4.498495521369479
4.534518983778875
4.5921998724606325
4.563217221826265
4.482057762942232
4.596091649213584
4.509545051555546
4.492283959237524
4.474878053076457
4.588900577456726
4.575967848518998
4.65407191608791
4.799717518272179
4.745036994879784
4.671233386256864
4.660653709064872
4.565605242706977
4.757863469694777
4.894260976827038
5.000357649565928
4.873342625422776
4.771522368853996
4.770120076801426
4.728135444817696
4.688217874345143
4.7328316632814005
4.769208689436045
4.830463479445808
4.813343081320355
4.7574018416685995
4.735404240146773
4.7380672172855585
4.8267692029162
4.720537569412475
4.846400878151981
4.863639985808282
4.782713939575452
4.799184404736935
4.8225281795926165
4.824069397933393
4.855695570118823
4.741619868842084
4.822747987345664
4.776831571447997
4.778041213523399
4.735627795408197
4.76500259913846
iteration 3
4.470144440652775
3.3303511842373807
4.27288174746054
4.691987657517778
3.8847178739715016
2.503891738846341
2.2712452917773636
2.3346497444912213
2.288863793386754
2.501352818909522
2.5746747717522713
2.542191405780471
3.1838601030920004
3.51305604202656
3.566274940487003
3.582599303979018
3.5043389864817427
3.6472686745641236
3.8835139118203
4.003169945689094
3.9372305238196508
3.76770950170764
3.5947856011528274
3.682220654691415
3.7585999313299876
4.107523789430797
4.034421508685824
3.7709821311972522
3.8649289998130643
3.8773779132609354
3.7842852704136676
4.1887144416295685
4.52208991213605
4.250002101864827
4.130309481893898
4.072825608133702
4.141833140928412
4.058839836156585
3.9524694415750306
3.760886968938991
3.7838370456317687
3.746064049430035
3.8763165489060656
3.975437322520485
3.881352146610261
3.807938411561509
3.8332199849256625
3.956636747215141
4.02929239783596
4.101632592397657
4.224005832414535
4.649090328738848
4.790020741017558
4.982684806868335
4.961879154481696
5.022225547792287
5.0415873521066565
5.004065033195813
5.054488065942682
5.154363013802372
5.148374000049893
5.1912055324257596
5.172647755524064
5.23614767842928
5.231966316726892
5.328952397111352
5.355431907770039
5.351329806476308
5.303250484531426
5.307616660527742
5.297702453939917
5.255636422458507
5.307106664615571
5.384748120629107
5.354453528604804
5.361178878371341
5.345358480382515
5.367804196599792
5.41523692137699
5.4846358994263325
5.471493941805559
5.405313286370883
5.4274833405024765
5.422633981849739
5.4308494053232925
5.399607244837283
5.399949035819031
5.436927801213728
5.427438960281226
5.444378537419996
5.433176846934161
5.411040928167949
5.41090275926783
5.606143284073069
5.517424798130803
5.551162412849175
5.625878044513725
5.5510690429386225
5.5308256092001145
5.603429475649551
5.481958210591166
5.410688320255325
5.427549585400567
5.349892558652517
5.416470280778913
5.388374630627677
5.439252563810555
5.358740564100324
5.503296053062884
5.487295006771242
5.535646518137991
5.504306393442962
5.457040161075919
5.4448231305460775
5.4850672853388405
5.491959438109022
5.526008256995633
5.492372138586343
5.470826254556953
5.508117971884685
iteration 4
4.985190013709045
4.776655897884671
3.970112066188788
3.525359048435472
2.973900714600972
2.913429283467016
2.966348906525928
3.377437729338931
3.5620571726442294
3.601940066759484
3.709430452197616
3.7286758833411677
3.846700963666558
3.8691979315750133
3.6641853958617987
3.586079024669878
3.65116106089009
3.7368304637589063
4.275667318681425
4.287813606686136
4.339352768145005
4.527688329607278
4.876346090988409
4.8229586046191
4.815274186694393
4.901039256753537
5.031175483366894
5.170222936117279
5.185461571364443
5.050351841339333
4.861124398737129
4.948679523059824
4.926569138507114
4.850798311597731
4.860587810934416
4.877568716630853
4.9518380052120925
5.072039962516737
5.163242646231713
5.164603915120559
5.1379106326091595
5.131346829327729
5.1887052585398585
5.225263804330923
5.244938568647837
5.209882137368495
5.226944417314508
5.411779001065078
5.418930871427937
5.4257451043831635
5.462431693670644
5.376637173810103
5.2193929448860805
4.856825623420978
4.602060648915798
4.430603169781907
4.466922828997943
4.40731270734647
4.470126694390043
4.491635022753559
4.733873394222719
4.62957446126965
4.487876986916055
5.253105006621239
5.356884616114481
5.180905287990314
5.126472787918824
5.075960201588252
5.054838115223794
5.081921016300674
5.016621337806566
5.0420237262018865
5.018804817945093
4.883746947439608
4.951844037531393
4.99818126747342
4.966238611767499
5.023943847852901
5.023929082890298
4.992861088246918
5.09456839620726
5.217930918136145
5.402537561511371
5.501553715935797
5.554295847565509
5.515243394757728
5.506640023359595
5.557610841003011
5.545729994859181
5.604607557279076
5.562801776506968
5.573113431782215
5.576660211320999
5.512117554917279
5.514752667397951
5.5424712815925306
5.532966805470692
5.580602518255055
5.583175769115887
5.587384421367213
5.59314108263097
5.611620980066892
5.57722571364194
5.531798826909007
5.5618905960621
5.516961540109788
5.541245286361943
5.558001692025045
5.506436331894974
5.5079980640149735
5.481925962718602
5.539780616468975
5.5271623741848135
5.517384908801403
5.510061613419404
5.46892725810493
5.449945869800233
5.53755099242738
5.5436713680321485
5.526153202799531
iteration 5
4.815103355266359
3.667033728795969
3.892131152931321
4.107310215303961
3.833518607208124
3.2028466403593026
3.0496528923964217
3.053411793980702
3.218779602088787
3.0889974423419897
3.0048497278672066
3.034013181733717
2.8946550648970493
2.8591267673174503
2.971149413890342
3.3319449951519324
3.7532314915308347
3.777483997047347
3.6750105422099573
3.6401393066504157
3.6665957564163545
3.6493351748721796
3.6946170176797146
3.6515301691458095
3.8261769492335196
3.9174045171071255
3.938095442280827
4.417144771746208
4.462356919788037
4.719047708213119
4.539071114270244
4.515933520949316
4.613903826993169
4.718886611332173
4.784637629444362
4.881184900467338
4.901253183056987
4.882566595264119
4.78906969177035
4.6836298393095515
4.699317527431506
4.6667617976619935
4.667198595165704
4.677461720560023
4.688774109163365
4.687783966912222
4.739650832774923
4.735287820272951
4.691670211810937
4.796562983425556
4.732450202963522
4.719399306256299
4.633839196393962
4.711506407968697
4.625415099798421
4.701150040502801
4.67457099406197
4.635545079789704
4.57176376595224
4.663864962497676
4.712404540949134
4.7315670612277065
4.725525657989615
4.797633061454551
4.773822836473463
4.873439219690859
4.864692359221422
4.785782129497605
4.799668206834166
4.865616542735885
4.897155423933444
4.922797757438556
4.870508504642284
4.925326728746693
4.9972458855882484
4.953013272495971
4.928176114048823
4.813996272490111
4.85042070933364
4.866672351471629
4.908971665835023
4.881502744187435
4.827870112446588
4.788679968107326
4.836855370554806
4.973885605840482
4.917066848736449
4.824178791601526
4.936398138012034
4.873064064529315
4.767782758774477
4.781869748378036
4.853214160883991
4.774316819195254
4.856787456425564
4.866367083971919
4.820252371336392
4.742593152074122
4.735309145169881
4.83251706057224
4.77229946166961
4.7578078434370505
4.7476066046312315
4.9281498581101255
4.907622293410086
4.903926547129801
4.804597663818254
4.722531646673239
4.829315781122049
4.834776991360701
4.936883854174638
4.83436816173288
4.773997707656908
4.831969512597264
4.708029750749955
4.794377287924584
4.833214420466192
4.704683329058414
4.638111418700865
4.601926670095855
iteration 6
4.773962102809039
3.981044662295621
4.406190402709649
3.962406766229762
3.9865903852392055
4.393882684175623
4.027181216066029
3.7502125776651076
3.5808877127109593
3.5842449420312117
3.446450379995929
3.545883941515815
3.4691990400234074
3.4772874032814474
3.371104906530886
3.271869536711908
3.1997968999531308
3.575963446649212
4.151306298999779
4.292457983718796
4.269161749931947
4.333799120088362
4.551758673530727
4.674585718956808
5.165820205119537
5.185934644019791
5.079812620248338
5.064348658420524
5.108171605181756
5.059017828593157
5.111448123743782
5.150832685664711
5.188129749474252
5.17471789462456
5.194629550880628
5.187000107556686
5.181322234858349
5.18800824474877
5.206380460789462
5.19897792772748
5.115813224386027
4.990982749729945
4.913140132814995
4.864264700449728
4.906912788391053
4.643331113892608
4.61332507439575
4.598643693192352
4.657911967313547
4.655513974232039
4.573862124583395
4.615558698018201
4.6253518098966255
4.6555079991472255
4.711875685462326
4.603408038850215
4.735791323830807
4.775761624862586
4.78389936762611
4.796292421287142
4.668737219881628
4.724341758756579
4.883060989488921
4.893651072082014
4.888640121662465
5.015427978187923
5.048907311260457
5.038541230687468
5.0401529019089
5.074557105982188
5.052570841851044
5.0280622222626485
5.035406863208461
5.035723773410615
5.093179488938586
5.007740665167294
5.006456821150101
5.033630256346978
5.104452554526529
5.051951974925504
5.076261889419441
5.063882307142943
5.081413688714808
5.130295668766003
5.076493091267436
5.058767455150872
5.000896862443693
4.9983462674423125
5.01970388135432
5.015764246859324
5.029277102190268
5.0028211404083045
5.020650146660809
5.03787112722258
5.04460613542015
5.0182752177969645
5.026449732941993
5.063255725546529
5.011264423139528
5.051531892693724
5.000145680145337
5.0525817983827315
5.0610482278516296
5.091840737724166
5.095238300751421
5.10871196457701
5.115282307932569
5.121170578371134
5.144884304585929
5.0907999226987934
5.1020021118850005
5.126301843484194
5.080562201820537
5.119376636354462
5.17127908410324
5.149627318072732
5.119450204214839
5.076109320415304
5.113763064133935
5.121794964135075
iteration 7
4.6424206045994
5.0703317331056645
5.286536407035465
5.291181002899004
4.662091863059644
4.30909224076978
3.975917089869337
3.808169599343032
3.705237695644586
3.63780916763016
3.7608738015808303
3.910206546052373
4.002942912175823
4.310983614197953
4.370570761946564
4.357526159675155
4.517009873917044
4.309300351625993
4.430992446136365
4.5879599897439745
4.54558923850863
4.537880219144028
4.689669355039415
4.983296240264941
5.0229293793757535
5.128185698809315
5.034146196885916
4.7868725309761535
4.706719074721299
4.536847305793184
4.498396369272111
4.587523613935748
4.626814337104862
4.716622336791231
4.863700242987017
4.983885722535261
5.03974338814327
5.047557810363926
5.050628583113369
5.101023122044359
5.014317207691367
4.918710439709828
4.824817806014864
4.877633950910449
4.876396155473862
4.887581865775855
4.652183016741118
4.5825770376433335
4.466882716239456
4.492368869490417
4.63999577628091
4.504731522588494
4.58487047183443
4.561251590647588
4.510731338557093
4.47649808785319
4.489428769869458
4.448081163355976
4.549815635699228
4.529778648502479
4.51848936433335
4.501329012588013
4.493168805241651
5.392639457913273
5.53256357339892
5.479737714246796
5.5075485037721315
5.476091017375586
5.454013049279641
5.444374092520132
5.4501669358688085
5.4545839465356
5.409742116396705
5.471236076096424
5.449600571389659
5.433173226781093
5.421230102893097
5.430513668192638
5.440145074770653
5.434324040890683
5.403243399446769
5.436192460929341
5.411070678759392
5.460294881679377
5.4204792668395365
5.357552704166055
5.2057795358558066
5.279810906000007
5.252582990336517
5.255124690386009
5.259351555122526
5.308170048202662
5.410034923294713
5.42936221674185
5.248925326674626
5.343041656624425
5.400843048731766
5.398057144054301
5.371552740627219
5.392156897608768
5.4046446122474245
5.348071661291287
5.374907648259292
5.396709100437433
5.409249956408917
5.366411837434875
5.397951719420297
5.363282143397823
5.386888129376729
5.360374498001727
5.369545048655475
5.390432712261027
5.356623871918603
5.3788730246579215
5.463483957398063
5.462278341468785
5.448511414242558
5.4869689503503905
5.42714465446141
5.450928663255158
iteration 8
4.800609636421461
4.539378152986172
4.441466843441688
4.678783841002799
4.256741869729751
2.767876907439665
2.3707015143871524
2.756647809533834
2.9826541230845938
3.1615722638225314
3.338063259132475
3.2903864660947995
3.211586366563493
3.1931104564773944
3.1775592082415303
3.2377132904831365
3.1783789115116754
3.2520555527040993
3.244794922396539
3.1508309743707397
3.570105934318257
3.7311308194312325
3.6550321526105476
3.6592466845760288
4.232800842681618
4.500400267429377
4.734568513404761
4.792532154543509
4.76388312291614
4.721712647301936
4.907810515107553
5.326433560635187
5.130748684791403
4.875591779671967
4.892697491418192
4.812212679848344
4.855027319495023
4.893668189017316
4.89726036030501
4.92930146851111
4.9602125341061205
4.899086650894251
5.082839003988268
5.563267870962062
5.594372991184819
5.555932005077723
5.5931791277710765
5.596235556244548
5.5834681489923845
5.542875306719908
5.576411906466521
5.557598039252688
5.581834451528338
5.57000726710893
5.535317359150184
5.595468746483055
5.505063220641782
5.486106134133411
5.539635657660975
5.573656543925457
5.611775620894168
5.630318678711424
5.636955666293268
5.566972904537357
5.551999092779057
5.619318260300944
5.605402893289801
5.626457187174668
5.5574435349324025
5.6086582284428825
5.568346119379262
5.608296222952524
5.618621201458917
5.5716770846272095
5.451549179661658
5.393573653485306
5.359359955456065
5.404276580787614
5.41839190578385
5.431453909494627
5.5086665076304255
5.474434923122216
5.526828835662692
5.40070388517746
5.366028534147114
5.420936213357549
5.455780175861069
5.413059116338675
5.435848860955443
5.423918058900987
5.442608633944533
5.143544399422576
4.921786214141308
4.852593480696146
4.857896089464464
5.069308367890665
5.077790056197811
5.029451882374691
5.060882556735504
5.013203493403615
5.110875726165866
5.089981390193156
5.159503682531856
5.315607447499202
5.362274881306777
5.528789776333151
5.488310304268903
5.456211732131346
5.371977323089172
5.388186831355158
5.4943721210219
5.511998011634216
5.459534411715716
5.451379982622657
5.568951627184597
5.4636320530245435
5.4959786509491995
5.417298920621425
5.408801548202186
5.447564879090497
iteration 9
4.016329967840143
2.1281956171380374
2.7023766252554275
3.3057792465435223
2.588647322866672
2.352914051538103
2.2981980722864663
2.304777921940616
2.5059143005841267
2.49240527847908
2.6897280220726385
3.117391790346417
3.208458214984594
3.0987879515512526
3.076850698431122
3.037345192488802
3.0174436751722826
3.2026515681328043
3.811181703428727
4.261065289255805
4.464191352232202
4.727733529745609
4.725129631396807
4.752676361788004
4.766167307112674
4.7649920905939265
4.760336325839159
4.771179509489328
4.7706699608318095
4.858262878466821
4.864300832644909
4.886644355348461
4.709746524001933
4.6765787330229065
4.667403473262243
4.665834738043896
4.648607675289616
4.651897146193878
4.652521385645976
4.65457259705815
4.652607464308772
4.7043557140269225
4.654014715408012
4.647647038977243
4.663777461213609
4.645960709389317
4.65640529549399
4.70519273498057
4.664665271848028
4.71470309214606
4.799505701697791
4.80161789134012
4.726854587525475
4.747885972796885
4.7001551530616785
4.6973434113142245
4.706492999004375
4.660843168690514
4.651413293074111
4.758436937476316
5.003947074880598
5.0312541620408675
5.104514714639192
5.106270340588536
4.971942310370463
5.016873952396204
5.102422300938734
5.081005928079415
5.077500559507577
5.107102188795452
5.105228733724345
5.0841502979673505
5.083946539097431
5.170711500442151
5.152294021779847
5.140862999693455
5.091052440020671
5.118366365593772
5.163429064999555
5.28012210862494
5.240864971081648
5.334105974738837
5.40330946322447
5.313163892066968
5.421185021980227
5.375804052440491
5.440205377924704
5.467693647807526
5.506334901841546
5.607146110265143
5.647420227771244
5.615121891218821
5.601518878671776
5.418099805853875
5.5532225664216766
5.552077976641354
5.519322674984171
5.607444321928723
5.6186618787704585
5.631544662592848
5.673791409605829
5.497816924427817
5.567080250707923
5.655851810800719
5.635787059564678
5.6668546929952095
5.653690813895634
5.649597262426469
5.50988004943095
5.509488328770272
5.57109821485821
5.612608216876315
5.612429375618099
5.6874998770021605
5.64889645031401
5.649910182482959
5.709020344205228
5.693627724505145
5.683044441286404
5.626646194025678
iteration 10
4.766393698487654
3.559670589105035
4.200254691787659
4.583588394812786
3.9435485194796986
3.326326041478038
3.0036336336335965
3.2644246590256483
4.250606368678996
4.680974760713335
4.67081495082458
4.633708787137515
4.605337995577972
4.547921257617592
4.794459978577301
4.861235670607274
4.935139362859287
4.969191651218748
5.024392769901046
5.0708386061486195
5.077412192951361
5.176993215046378
5.369869991491198
5.383469527822305
4.903341158324803
4.669445466885659
4.602861218911835
4.8664719564109555
5.052885580558742
5.1837901082256534
5.295970167808974
5.405662447472907
5.354555991188435
5.221512187063781
5.031207073586301
4.993951335937669
5.0475885606646935
4.968136493164333
5.012203405251897
5.1556637425073335
5.277550810843742
5.317822647005153
5.258803916258309
5.233215446497897
5.228916086842962
5.265977584132007
5.230556963202551
5.184813414431406
5.280293671135593
5.269666215253866
5.253210024201292
5.1923407943826545
5.181226149129247
5.205453954573063
5.164394476530573
5.133443898702066
5.102713403025541
5.165844267249397
5.1384671537282705
5.124475624757694
5.078409936004199
5.101617205591449
5.1352551211484965
5.114981235388298
5.068169898153221
5.088580818537235
5.081757233242474
5.098627856175392
5.120108881063625
5.2177826581268265
5.207878837647806
5.183000331527515
5.216807994818556
5.173416941463658
5.162921955757436
5.155263044691465
5.169739796117823
5.136350948422706
5.115637122567214
5.135536958182433
5.2062398757725985
5.144924111065551
5.402173821577085
5.415871472328308
5.404971337591015
5.371082289356416
5.376974064708817
5.392077150996418
5.577773014903118
5.420452211127335
5.378835556649085
5.383017471034102
5.389714440541
5.421293197484418
5.325357206550279
5.387616264301679
5.3276182445390825
5.2948008380491105
5.263017472643501
5.332533289695778
5.2995527428574505
5.261436639274224
5.283194056723089
5.260672401463279
5.263455551315676
5.2790915940242265
5.2879135740092105
5.313766053586056
5.301273628090646
5.314371372201883
5.298759761996311
5.331654121473029
5.432739946248011
5.46484870064376
5.421075366689587
5.312949873280667
5.383501671707547
5.382839807584568
5.389705298893741
5.395037305891179
iteration 11
5.100880546132325
4.416639394325061
3.8549983331484237
3.609991863066483
3.8217929453724837
3.7161392120211914
3.869724255674177
4.036891041715542
3.336964677019978
3.2858686574921037
3.31103391094035
3.3231203040030395
3.486757773851366
3.489799341685387
3.538673391887009
3.763104642058822
4.151971329435551
4.228857104134732
4.330682890414519
4.275133952351814
4.277954875468243
4.274979666383956
3.9705895080435836
3.7651257986552107
3.9217253477382723
4.038939185792876
4.078530839321178
4.015698677642424
3.9207379493100984
4.0436287992672
3.9674632771237497
3.9907278006691254
4.165736029278272
3.987061076544918
3.7874549758308937
3.8814490251939047
4.0599153621132915
4.116286443335653
4.251838901131584
4.409808978263058
4.484162936230965
4.550924785059974
4.6016689596041775
4.6057351256703525
4.606464436846111
4.622688538013043
4.617764889627337
4.551531945335231
4.572912103184527
4.5685630216645645
4.589982555729099
4.5479395476452416
4.599007730612612
4.553330072933579
4.640768562655949
4.636145025601578
4.580890940901849
4.343154952984804
4.515279164994436
4.555073596277679
4.50932013852441
4.4856777369571
4.366596846692994
4.356392174091519
4.316958978566324
4.31355618237994
4.351821684085543
4.36593874338476
4.7922032669107395
4.809352743410475
4.829046801497387
4.84429644087704
4.67577282175884
4.597265399528688
4.75297323962004
4.733801779611362
4.766156917444553
4.670418289076654
4.8318431771576025
4.861331192066033
4.863796951997263
4.929544568289126
4.891927972489503
4.72289282298393
4.840433314480219
4.851819651705967
4.761305734131264
4.906039623778307
4.9200744196187305
4.985750409715685
5.149214878141225
5.263592161599439
5.3618819613636255
5.30744790920772
5.375717119922311
5.363021421222984
5.428627573940283
5.40452555697792
5.423488364427744
5.425813575994088
5.423262807018873
5.434327575727867
5.417791876471328
5.409450063562798
5.388925807683433
5.399605166845147
5.390626535994823
5.336410475284164
5.397105860140742
5.419946359725284
5.5174185565646505
5.460445794279739
5.453411175864668
5.551231611982563
5.477656844661936
5.535400531460603
5.492102961867545
5.5568936539252
5.486036984885373
5.487275497006429
iteration 12
4.8002724360750175
3.950048391525592
3.7845349668250754
4.325205219557043
3.758331038740149
3.1906693551781897
2.8055314247784455
2.6196306237682077
2.58945337597811
2.5460038108646317
2.4982414725965145
2.6460869005913117
2.6807180608849537
2.666241422049008
2.6427751773221018
2.6967971522106793
2.663864562264481
2.527749122952254
2.5114554637938133
2.571223692270883
2.5078108759509363
3.1791328368989618
3.430835067222339
3.5411670499562784
3.7093707141784966
3.755369691789741
3.7747719789406444
3.677292331719035
3.656205983974968
3.7360363148296405
3.732418060860023
3.745457983406805
3.4298013965533367
3.510570014049648
3.5064041857956054
3.2661835819523986
3.0704740429442796
3.065287094791019
2.7980306924718183
2.7740029052002164
3.1748417209589053
3.101025269384422
3.124966508440435
3.004560722105381
2.9959235327581966
2.9496445922789265
2.9833352840523677
2.9812441200637316
2.940600823664836
2.9846283047098283
3.0321604201580614
2.9563898571848157
3.0136483846628352
3.530191998727706
3.664833758680382
3.539107784115452
3.612065119703237
4.169707212351709
4.100150599284556
4.119984678925014
4.09851496414854
4.2436262046512265
4.293374730221573
4.302911393475478
4.281376663645857
4.308512485234878
4.319983584862072
4.336181284693756
4.2725842421616145
4.255879625404876
4.331046879846215
4.6002951246138615
4.650453839917506
4.676346074569903
4.626189314941262
4.622267117881266
4.584631630232223
4.631563291448727
4.596170308224142
4.6125749627372405
4.595237249388486
4.63522252428403
4.665684781488133
4.692210781832973
4.708772051884297
4.643481590778628
4.662624344686722
4.673166996301505
4.620376400337248
4.682351871124494
4.6678200611353295
4.676354141728556
4.617287307313033
4.669348113936575
4.710307457368185
4.66664969042524
4.725176920184029
4.72147178906843
4.617235411990608
4.592936600523303
4.692467373715265
4.701209852237073
4.667145215800104
4.633028369511859
4.674115826376692
4.748970724507984
4.7258093840652196
4.730665291134921
4.764408256820513
4.757144352221617
4.783991066570755
4.826545559258127
4.770003982972468
4.730953048487707
4.756929429330085
4.75912625843143
4.7408867636041565
4.7470773222465965
4.759503087656076
4.776078962484777
iteration 13
4.894585041294582
4.905645684936116
4.691805175455271
5.015210418019634
3.45052741643686
2.144706219534943
1.380220667328708
1.0569161901512407
0.9150342984195038
0.8436005115036054
0.8690242917516496
0.7296019317457795
0.9072077512690678
1.0184511846339044
1.334391505404153
1.5749486816608895
1.7394263117687132
2.7569601405382373
3.0883872070100296
3.1068401165932515
3.3469150365771254
3.336479234583405
3.411796951950355
3.3117280523189856
3.34697650953036
3.3741627075608447
3.5451917297972333
3.635670627930076
3.7452043322859354
3.600093263249342
3.2563402996438864
3.4215194625293894
3.453261466628934
3.7174808464184665
3.822473297593682
3.868183564461528
3.9398415218573195
4.205569076023768
4.648729484906638
4.854269202178515
4.9744835961835
4.827804762038201
4.728217309319655
4.835203731750632
5.420818735973451
5.404561596772621
5.397445454004412
5.428240080433234
5.441974645355016
5.383437699476632
5.3828867053529414
5.429857024381002
5.40323364938578
5.214393076811632
4.509125897296525
4.64520245484722
5.049419077139169
5.1667430250292785
5.09826222565633
5.218802145807597
5.225098831356909
5.188328596398885
5.427500434049791
5.442588855710813
5.420404448888157
5.392700159687381
5.36707490104329
5.3453523327120385
5.262439574947583
5.245203681765568
5.302054283758467
5.276599840476299
5.2740520388632195
5.246899504587466
5.273109347296281
5.267150684557261
5.290301563322605
5.273375079069162
5.363741208159838
5.3607201262552
5.3712819154039515
5.467378508520153
5.421110989217709
5.408631477842672
5.464221316789511
5.365444231245724
5.424203402076689
5.441613335809924
5.39975625046713
5.373587027803193
5.468267438465396
5.439239001149116
5.566899019997656
5.6175660456197924
5.630843179255326
5.583484229475418
5.572875493521105
5.611072075886529
5.637104433515194
5.697209622671193
5.656827938146523
5.623938337263825
5.614427962088727
5.647126762631998
5.701294199803021
5.6310439109319725
5.66055479650747
5.6648325122016105
5.675852111256468
5.645486146068597
5.5907064574605565
5.614652630490189
5.53521439772613
5.54736164973977
5.6176273176276
5.648228184673887
5.592601156861969
5.590595455568007
5.622613588063003
5.59673398232301
iteration 14
4.977697171322031
4.728614071742252
4.416829110484279
4.171288393843315
4.161472701672551
4.251323973788172
4.140517265464735
3.977821155737145
3.8758367585599403
3.8149198322497586
3.8979759083750265
4.027674035862107
4.214107819991809
4.348932757219114
4.3493512377221775
4.339865665202237
4.347350167021592
4.418852186698445
4.417316391550153
4.362510238427855
4.289490314988542
4.261941836318218
4.328699911635958
4.180773462950479
4.005832375984945
4.023842713418474
4.087850777530147
4.092178079776639
4.156250581450851
3.91073928416421
3.964596980314618
4.19732714633757
4.105446359118597
4.06516972903382
4.040291234300451
4.007977716431665
4.087890240709583
4.017350246579278
4.041636151983993
4.220202321464241
4.577498915048805
4.531623814722042
4.4522759516230686
4.442826549301619
4.607380289615434
4.65196843908356
4.6585818254229086
4.530590289923542
4.556316032386503
4.577453787303103
4.517607501703216
4.443544342692294
4.3611017397125424
4.332288799443526
4.411741701562143
4.413339397065768
4.38512495507538
4.462286367920068
4.486321008900015
4.448367885128198
4.385430242936448
4.400330278199976
4.466576910899589
4.410605465686633
4.435140927852199
4.443169036062807
4.4503232848221685
4.46578610427603
4.4910244716603644
4.433813554974974
4.524003214883959
4.554208242517088
4.509142872755137
4.469382679004156
4.488658614688949
4.489432612160797
4.456398443071145
4.39676971321316
4.345067546427401
4.421972874250853
4.533678266917501
4.545173058967602
4.4778581200466165
4.5193161957577495
4.490417833051221
4.432828802389605
4.410132540631617
4.371179552593536
4.505272239544536
4.457614130649401
4.5405702415098395
4.530658763655161
4.680605988574739
4.867223785820895
5.047936506806364
5.073277890146227
5.025791294439004
5.002204409511705
4.9097367443188595
4.8141852333591775
4.755851425921266
4.908777277477912
4.935005880098121
4.948698270197083
4.94825777855777
4.946916025151171
4.993856701697779
4.994244452212861
4.968245580245397
4.9513148256943005
4.9258733525290594
4.756888129100975
4.611320980579517
4.671960436937036
4.4752459362893156
4.571634891725011
4.634430153253887
4.750802446541961
4.753080246152951
4.785516687933768
iteration 15
4.864015531987103
3.901196984083957
3.8648062147072073
4.5531385978563605
4.588258389795022
3.679687109185922
3.497247846111435
3.929811925550875
3.6745419406944753
3.556408759021117
2.9997119093359954
2.7552174576823774
3.015161444268672
3.8411475339264984
4.028066191219291
3.8328593501194854
3.6490425208487793
3.6331280876505496
3.795668812927703
3.9213437626721297
3.7938971759698843
3.708521153445023
3.6522568646317093
3.598792837119809
3.6578443866692667
3.6358471685177056
3.5803026889896796
3.51378845482406
3.524520311974973
3.76197368265727
3.8157659585517205
3.8510383371684003
3.9117392475212394
3.8613673591745648
3.888098347210376
3.9261768012260543
3.9006205430787246
3.8512962400811643
3.889941623099491
4.036236405747906
4.506553049545031
4.798507700952215
4.826731409765816
4.888919078564592
4.816678988096698
4.948196796428333
5.014246815266329
4.9235380872291765
4.937400475726693
4.862017511335668
4.935814136743722
4.937418755451916
4.920147715694503
4.985258187828745
4.997251279797507
5.162979306346738
5.14290971901417
5.150185457520959
5.129952784994012
5.064214207532306
5.106470780679903
5.056474722382119
5.073573112916276
5.183807517617553
5.580026730045534
5.564033766030402
5.535964340441699
5.531771056466483
5.457477277225042
5.564589850032919
5.591779109904536
5.552104197054154
5.562662474904478
5.521954445518451
5.592513491495924
5.581301240471213
5.575947291951311
5.542267723115243
5.5321629163232435
5.578065510685844
5.596507317913962
5.589931151264579
5.575506267777517
5.620269298772731
5.570192265056241
5.666747199271121
5.68599820808151
5.756790696105724
5.72005701107692
5.714108344566791
5.680772397799964
5.739767725589804
5.748949217931803
5.676894707231157
5.689779918406512
5.662752779909896
5.664240174424236
5.625133113083414
5.614567808719861
5.629084499839703
5.606043588658609
5.599558096353385
5.645428612242062
5.619657515403766
5.582199730392541
5.629618432421255
5.621422735141214
5.641545488425361
5.639779162338179
5.6497940633357295
5.690367198184456
5.653032036798356
5.658618481707139
5.683296279609278
5.634907195425692
5.595794324686459
5.617880721712231
5.60656565071482
5.65278186807819
5.657065492193709
iteration 16
5.030287802163565
4.393306819112006
4.602119403200065
4.826873655857225
4.9019915211046285
4.768505997890875
4.62245502834555
4.403312437550607
4.264755394785738
4.194108127131911
4.2771708497469465
4.342542531646776
4.32962048468925
4.316714316748955
4.117882138550636
3.76039202584787
3.6897374607200386
3.7724778908837937
3.631257682017418
3.6220096993213122
3.7027082453827824
3.6239961582210554
3.6035444927122824
3.672843930970739
3.7612966704975777
3.848622324246759
3.8563106130688025
3.9464211206795583
4.722360724399193
4.88378453290321
4.834194646736709
4.566249731906357
4.818728733922274
4.5094342448486335
4.318697851032265
4.464775849538623
4.437350300702557
4.44000852168359
4.4207520243246705
4.553212232580581
4.905579449439182
4.985629012530674
4.883325260299
4.7646365375912
4.686843464180948
4.878985274826125
4.818092940321753
5.144277081764328
5.1781300727340716
5.003242117640021
5.036705515976405
4.938157571607607
4.8249538188346826
4.8204308260462785
4.902331014085528
4.942340903659933
4.944188962864785
4.919100409169452
5.034398185726931
5.084931127540089
5.05606400697547
5.04934289721548
5.061899055087324
5.030549284035231
4.986846124530937
4.979625466005661
5.1904457313309695
5.587777407059547
5.56199540115211
5.439183323068339
5.381017565479158
5.474355102387924
5.509831385785158
5.515324505195662
5.467815120904618
5.461256450304531
5.455652610778348
5.56610787195485
5.471287023606594
5.455292848275922
5.512311215853693
5.320685866900016
5.247773633229113
5.394863465511396
5.452095020748889
5.444010953721841
5.3981397474124995
5.405876193962193
5.424413494167205
5.474158249540567
5.474554834138481
5.431756028599333
5.440319373532904
5.455032229157127
5.36303744631661
5.309764381185623
5.379090998619624
5.433903518886901
5.423864486318748
5.4537145955669395
5.45526254970827
5.45259231821339
5.464015996400342
5.499482978831493
5.511857405837311
5.442880318397257
5.5556204894085734
5.542199974670906
5.501826593657629
5.521681683226031
5.545099828656614
5.504450428510227
5.4711152646960075
5.49072367047231
5.488643848432914
5.565209817122633
5.556628992193882
5.510184004089137
5.476586033244749
5.497656863507488
iteration 17
5.119360306987969
5.010140004566451
4.7795367503953505
5.148650795215965
4.967992701458244
5.319413364366697
5.347123805167569
5.445579538508205
5.153792955896229
4.905248075452529
4.899898516859217
4.744349327889821
4.770157362046854
5.071894691873707
4.906700997162284
4.699324204212323
4.775759625194083
5.116806208620182
5.107679917942011
5.114579484408216
5.062051629832904
5.393466111351062
5.323502748896588
5.289080221349114
5.254877714999643
5.108827162425444
4.894342459476357
4.776696113682106
4.711311870523849
4.5156261045261585
4.377748385351959
4.39635763002703
4.52861139129214
4.651613145330335
4.661744098677761
4.578748234194981
4.560500128686436
4.511160432276724
4.555942746533737
4.5457135340312735
4.55168830653679
4.650197873905524
4.642931223664894
4.678773486541781
4.827996604779248
4.989634313523969
5.059641565397386
5.0264088862284675
4.960655134674344
5.129319393235697
4.991478916776425
5.0750342161949895
5.09209670245588
5.0093731383194555
5.055503266097566
5.131407322528791
4.94764321924929
4.952924905002041
5.135723405263345
5.232747852629188
5.105510529938238
5.265145112518083
5.318807721835515
5.244156495343795
5.22747544887606
5.13520729566887
5.240370794499379
5.494252396534591
5.600179873426058
5.559630881889227
5.589245199712888
5.474525448411966
5.454321222430836
5.539490745612449
5.414771576499373
5.441581647242024
5.49499911750334
5.4992350047898775
5.4050920473067094
5.227673856116844
5.198427787558591
5.216677423127046
5.244857829717149
5.32680096501701
5.15471117897199
5.02429771430676
5.154660313634715
5.213219173414644
5.2788663391545905
5.245226684262892
5.473120091429186
5.478877026261398
5.315840736929184
5.257809503894351
5.3687971388655065
5.374030797054604
5.2346074600718655
5.11735451734197
5.006774707107502
5.160498387815119
5.1053982025021325
5.270599870313239
5.35456480719184
5.335260372235638
5.365607453743353
5.264165804657973
5.379101970990663
5.256677987984124
5.346420213056426
5.300234607535166
5.280390051794167
5.223242314873203
5.157791181066606
5.311879389634573
5.39614924470711
5.479488120358631
5.391226157298283
5.317348826641388
5.367180952521535
5.468958069065669
iteration 18
4.7742119380753465
3.746213108725111
3.533319857582905
4.454288474596011
4.534134806293913
4.352603743931862
4.603015037910485
4.367458417809359
4.257029748998009
4.322367381183919
4.673554290069915
4.664136766075356
4.788911541412486
4.781375112374431
4.4380049063673175
4.196542777160069
3.9951291354540577
3.8961555283109095
3.9509473556484154
4.013977890394649
4.723894168902089
5.245952120025379
5.330668632253959
5.2951350302505595
5.201644365998395
5.142368526831028
5.1170742756627225
5.129099782808562
5.119758382313349
5.124975975394658
5.17423677206821
5.175701281188558
5.206041278815323
5.140663838485045
5.139489474314783
5.111635749977957
5.082157248485526
5.025078194105956
5.0841123486781035
5.060385246777835
5.076287169261059
5.112870824020111
5.102160389403649
5.163027426637878
5.152015260475667
5.150411419556183
5.215113337513866
5.29356640873788
5.251744288821676
5.120299340268975
5.30768710076688
5.177010579984833
5.352189510240368
5.394396983194911
5.359814891725367
5.33357356511833
5.368764347240585
5.489829048573293
5.62850942799456
5.566831358308337
5.560291353346807
5.587882483829691
5.642091672083979
5.6545149859103425
5.660566358869944
5.6638883848378985
5.673104668583157
5.62674606138937
5.625466144322746
5.653881081253839
5.614156457893997
5.627535584227399
5.574020321858313
5.591858675459378
5.568983265924012
5.590043828461269
5.546301561328549
5.555835090917375
5.5468356048370335
5.651438169650279
5.63542634928341
5.641492928875627
5.563068179107091
5.524183647288523
5.622487504217445
5.652843101599492
5.690496436365095
5.623635280426999
5.580785236178901
5.5541599501211
5.564916011404635
5.632697351929384
5.642411908557124
5.64910753257048
5.625365975737112
5.654677416721899
5.644823246611148
5.505900262623632
5.487416777333377
5.6058235497101405
5.64804222616505
5.629589783408291
5.679243250642462
5.702489905174409
5.618150151201726
5.591408147270298
5.674314016951833
5.603154544099536
5.648752749864966
5.678547617439069
5.6687238342625825
5.711795193930703
5.64728402126089
5.690130797723009
5.661935216408107
5.676500896055594
5.6667176178174135
5.670149608716972
5.685087987916512
5.670790899518112
iteration 19
5.072423618242651
4.7565466600590005
5.240200808719517
5.237344376884779
4.645267310505735
4.035211372711614
3.8811452988733004
3.7755823228743166
3.6781024516270704
3.681160560880934
3.618289731340155
3.7147803384819724
3.8139285526488425
3.802708643230911
3.672926205238154
3.6187409631999645
3.750390545968388
3.7867500997011296
3.7981601881203586
3.9631900995459284
4.180541308160645
4.1496057233586745
4.231079141030451
4.269446035327301
4.2524543069823695
4.403188440993521
4.520541335433836
4.525353035532947
4.6494180702528585
4.630402399062334
4.511707974983855
4.532911271432904
4.49420429742577
4.016487092065943
3.6244556477881424
3.694067072973161
3.7528325896063035
3.885668834415539
3.694587185131232
3.8671092172787946
3.909169431184677
3.7407833457859194
3.5507788618444636
3.3440972012709693
3.62908554595935
3.4634892994806536
3.7162829963937902
3.788985775401193
3.824482850518299
3.730768326160562
3.7979679115412512
3.8773257661580116
3.912804035880699
3.669859848493401
3.3877371085170966
3.1014041097062197
3.1541819307404224
3.0842082690388435
3.197091964945431
3.3368648118680913
3.355553627562988
3.30546345989755
3.3919751427033664
3.8116067098945106
3.950705509306665
3.993830183245123
4.185253531170639
4.242620072045712
4.209830863618998
4.414487935026894
4.411556996608668
4.742575030607655
4.907233348320697
5.26189762495415
5.274674723448604
5.271522492770554
5.339870672035828
5.304781691234695
5.282836058504621
5.262467865102941
5.30945098575065
5.339822038380633
5.445318636476668
5.436918960647436
5.303404924875651
5.202150715837423
5.220227491415601
5.315001192916129
5.285675082668824
5.3102848023984555
5.234613195869745
5.221286790882749
5.203603259886088
5.2468118943393565
5.220338569336877
5.24758753147606
5.251396047091841
5.190100413262072
5.198464072912674
5.130447231755081
5.130525188500699
5.300104178303309
5.256014121135843
5.2841337913260755
5.115401264356159
5.143397491455017
5.257318120577424
5.214420491034497
5.218379485676537
5.243647988537553
5.218929013820523
5.247109735797425
5.305895995935745
5.308322773382897
5.3728876877444565
5.312658535749226
5.325326724738241
5.295348710891575
5.310033634754078
5.2522034161338675
iteration 20
4.872802119045436
4.241269220316528
4.778718318814661
5.047994168390832
4.814273751344036
4.469856572014874
3.723548342846933
2.785194952206476
2.2681460785811605
1.8006770968583148
1.4098264578045134
1.4472218612120635
1.6007494282858863
1.3777314728022887
1.8123150741114709
1.7358435580006477
1.7895784337105836
2.229211865961568
3.029113688797374
3.2567088303444702
3.3628033408231217
3.536406253338721
3.73399866917861
3.832084054951781
3.85342336417158
3.8200574456369383
3.6652163517854732
3.615536348221391
3.378524810862545
3.1911930821113117
2.831894100974046
2.6439779210053147
3.0042774343152896
2.835679372233703
2.8462146680116147
2.4722400461322085
2.2857926204015606
2.3875311431618336
2.267147494790477
2.2416325904681
2.4058955889763802
2.255877490939298
2.4753616972054315
2.502442423308447
2.51907314754349
2.6707598853632506
2.679108731247466
2.9089962547391024
3.057147685960749
3.5750133096837104
3.7361381917941094
3.821172937276737
3.8743273055912386
4.158570311114159
4.126613790435582
4.216495768734115
4.177101108106272
4.194779717596677
4.274710206881036
4.129498384853091
3.959968412088638
4.067770139637903
4.094157784323766
4.191146819134433
4.204923078764073
4.119259603534084
4.359713745337221
4.348664366373651
4.2816605414698286
4.339724682551656
4.209606384621359
4.289114968872691
4.5622235880519755
4.6491128363118435
4.744338512055406
4.916545289823335
4.947353170179819
4.860631977049199
4.772820514370566
4.774260681393172
4.808129409304067
4.534297188028243
4.40318437115365
4.511596814732963
4.192122766635375
4.203158914375339
4.3248705345890235
4.46287346102251
4.479047211847398
4.3535229763894545
4.421400349072899
4.365193064824888
4.454881508150351
4.439876358609791
4.5719477035134615
4.642163721143038
4.594202229829906
4.591682633952651
4.627147568572703
4.647362811445837
4.748654643237638
4.740675676515514
4.7482117020835055
4.821460729726409
4.849479630427373
4.790685957264432
4.800545729159726
4.772786725673216
4.787508576609122
4.658014810203505
4.491830570137719
4.343707898419724
4.380039133597272
4.3636474453504634
4.363369815612201
4.372377312931436
4.308839701187351
4.228863461664577
4.3240273040354715
4.5336179205047475
iteration 21
