nb_arms = 6, budget = 2
08:57:18
iteration 1
4.63324521889717
4.016777546742885
3.992028576487199
3.7893993712092833
4.017102318274663
3.827603937372562
2.619948242227679
2.536965470494948
2.80508472514422
3.1155282395600947
3.3688050132404084
3.31761966424431
4.08400478340617
4.145335471485797
4.151367064545696
4.17064349368615
4.185637290050831
4.169573685026158
4.09779181267691
4.088995154268222
4.643506097346305
4.70457664023697
4.766081805661155
4.718544363529513
4.865907195431838
4.779994075643733
4.812907753816089
4.91907434964764
4.805486023861153
4.84121068889565
5.055881896576407
5.162652197577443
5.150714729109133
5.035974914252026
5.053106837654767
5.008181466693113
4.992904890411818
5.0822746640383585
5.004446122035324
5.07184253287465
5.0383248121568105
5.033463244917608
5.063901969378582
5.110520258382453
5.164796857686565
5.199935219172741
5.288553536443994
5.272815457814951
5.274176066371609
5.390739516151711
5.330674407613071
5.298717322911724
5.286919384104197
5.296575022707588
5.2367713870517845
5.426698840781287
5.491896931709686
5.546247857311843
5.5797626608611015
5.60417462295549
5.647977385939693
5.684760881160085
5.6371720518451305
5.6581579700570375
5.633748063474108
5.621210851807205
5.653914642637488
5.57967261675531
5.613283965567795
5.687328812744513
5.645705849629671
5.577418304490964
5.572314569994233
5.5654337821109605
5.57926771334791
5.558687105340426
5.6087616150305095
5.590872282298332
5.578349759380995
5.626492402214178
5.58485300968641
5.5725313807814825
5.500889053911439
5.450783724617749
5.471440020640038
5.566984199567294
5.59612773707319
5.575037102714683
5.455585703090019
5.476647217103665
5.53816754400438
5.493437591721072
5.528274060447493
5.5184519082819055
5.509108083675366
5.610345908094853
5.626024961008394
5.642464066330645
5.644021191021194
5.582761152364153
5.564865176436788
5.5946360577095335
5.544009293588646
5.534798764809197
5.496327567820334
5.562652047381326
5.566130937920937
5.622762878721142
5.57839631561829
5.527338220551319
5.531759766030059
5.596410195040892
5.559427208893526
5.55761616924951
5.6015517146392355
5.5267680600893945
5.533236252793166
5.523361770648221
5.507548270768787
5.561237986382809
iteration 2
4.969126054398278
4.680059887866123
4.8539837023428065
4.404354873337251
4.032695273848641
3.272356003815467
3.3031992296354247
3.263244017589439
2.7569128884737846
3.1955551697510356
3.4486211224031833
3.375841964650533
3.774196324909242
4.273830287183916
4.67709799171799
4.804412474210268
4.248784021095843
4.163139379478168
4.234014583373774
4.547732167360228
4.928488326461567
4.846411966573555
5.18100482177916
5.302760183842516
4.8861429865797055
4.341644569761243
4.378060109714294
4.368602916216698
4.362303551216096
4.3921649603855295
4.920480908354402
5.102698442346244
5.211217009575206
5.199626871196574
5.137530870543245
5.2096247294488895
5.13613916220245
5.110866076044271
5.115792104637582
5.147285095253624
5.137429262889251
5.074622196436087
5.153785036316077
5.162420672745943
5.156142068474797
5.17174775375876
5.161395617797885
5.2555902458219546
5.24926068318444
5.188832804925338
5.180685255183752
5.237103694370043
5.194911027813492
5.319419014787837
5.37050157518612
5.5293763301865715
5.359534895105784
5.22551284722903
5.13311630416764
5.066249724994234
5.2379382670594
5.2621644837345185
5.142956540709158
5.135011843678917
5.159031460827787
5.128218164959616
5.096641457208138
5.209165901930538
5.275483803392929
5.384784444042106
5.435266601728867
5.489504918039296
5.349743565016613
5.404610608360101
5.547964594859891
5.530331415025449
5.458688890538529
5.349960603793338
5.416003082042083
5.449592854822065
5.225656514297863
5.3340731739924525
5.363448295139793
5.440990119315028
5.5012777096864625
5.3479120196629095
5.498710538849618
5.56965417726266
5.571913247740256
5.5170850257513155
5.525111385524493
5.417197279062133
5.385910977583823
5.632986070257857
5.547010190907957
5.5716880777627935
5.692525494213778
5.581117919761664
5.609812150734381
5.603911333879226
5.6566911116022585
5.669863287853958
5.5659546034864995
5.525377385398364
5.531544722601184
5.500987326176567
5.512471765471853
5.505011440931421
5.593132809974037
5.639577398024539
5.650893367246142
5.617990264651049
5.6232918179111016
5.613496540245981
5.568431719530258
5.5930955976386905
5.540885827696874
5.488909063472288
5.570068741564127
5.6056168141042
iteration 3
4.238116250971549
3.494664220959207
2.909453026545771
3.2228438231480556
4.117849411055065
4.8228517792660135
4.902032707091335
5.079979136635254
5.057271600762861
4.686139523545647
4.934993660558069
4.656237854787134
4.212946979549071
4.365262832564267
4.374214412345941
4.916999223548291
5.065109700177206
5.127655397995519
5.10343470988121
5.327013506832637
5.241176361491621
5.1488445366049485
5.2348617512643045
5.046390835844468
4.35817753413684
4.186431581968842
4.362531546229437
4.488115340853249
4.7483488111486585
4.8831837452757
4.867961415062184
4.869381182482555
4.888944322968609
5.038539971550061
4.991228805371588
5.120579089897091
5.101282126761785
5.0029396687000585
4.837415806809892
4.6880627568810755
4.671051283120412
4.572451340473375
4.933228186616537
4.993782807897884
5.254256883864829
5.3021776147172375
5.417403163595221
5.514611784697285
5.477297727073038
5.475061203148222
5.546256473557276
5.438941510974384
5.410133485327168
5.454648379137525
5.429387037947124
5.482811995014706
5.454189937129224
5.386574717493371
5.401178253752399
5.371941458904973
5.388864576340053
5.382393030689026
5.420239112568847
5.421126319734421
5.437039776855427
5.412789909233241
5.467250461500831
5.432804412110123
5.344669555511242
5.409237373402354
5.370421703411262
5.366735776076808
5.354533004196664
5.3071361306557545
5.382337730508397
5.4083358156351835
5.294556449749502
5.279199778309075
5.288842923867603
5.251682588450991
5.268595846475624
5.272566184608702
5.234766856005617
5.324562366716488
5.276119829676409
5.285452737207761
5.29946841925602
5.3313893453696934
5.271069665671373
5.328873537684253
5.370620022192525
5.377056959395291
5.3572484481363
5.331325694179368
5.40072512301126
5.456948436660441
5.474882843671031
5.43882432763425
5.459298330663088
5.457590290131824
5.4440990198750505
5.452538308725586
5.434175824592285
5.406053189738141
5.433020586110809
5.482169224101408
5.501726344778907
5.506693902118054
5.526459825117184
5.53408244159086
5.559390334444561
5.510656526147203
5.505215770919699
5.525573629073632
5.5165089827669815
5.535895687276945
5.4995811854966465
5.4965109311965685
5.451679086713447
5.525376160846064
iteration 4
4.702228503602749
3.2549032043734227
3.1324846358408305
3.212894019687902
3.5994674016216353
3.928030828295019
4.596009050127181
4.702118488320708
4.292622015590609
3.376693484246372
2.670965276578316
2.5626693859536855
2.48073055980586
2.46029969250498
2.017824922492235
1.792143016133422
1.6899670741734005
1.8151278334302565
2.503673702710114
3.059300743505355
3.481951425460048
3.5269995119560673
3.623801882843031
3.571973281935682
3.4795833642115053
3.799903250924402
4.15601634039354
4.119566684352311
4.443884643933195
4.428975374981553
4.476908224473812
4.45763003830688
4.4337279905338605
4.407512938994165
4.437306571137082
4.448688366990372
4.3968826714726585
4.405959000721474
4.359540881640658
4.253651832011825
4.361954263133931
4.436570334957193
4.589913251948585
4.555744519581906
4.475619000381638
4.5012323595607535
4.5696451608631214
4.5575222292551
4.776536174500964
4.576700564450427
4.495524113763384
4.673137266633194
4.873814402868168
4.944791772486032
4.890728077996159
4.88161494232283
4.842974796954235
4.880095099690482
5.066007168322584
5.171626618007383
5.082320435085675
5.13114730027184
5.2007671408028235
5.14674030537679
5.178051356558816
5.188528931426459
5.144865883510149
5.142661276250053
5.153938951467807
5.180440539867504
5.171149587375741
5.159944864266319
5.100283743560953
5.091792721755757
5.1484130981152285
5.151177490191875
5.147957342787112
5.244442463480449
5.154668072443972
5.144813791194751
5.1990239309024995
5.1663794273432995
5.175812059354632
5.186036241291654
5.139081394514899
5.129984788599668
5.178235514660253
5.1432607286098415
5.203225649689955
5.20522439182234
5.333160645961352
5.308897824622043
5.200291722149785
5.256632151997984
5.2872576945144445
5.199724594968478
5.181002862964525
5.323242888524296
5.3854028443774915
5.332375084555293
5.345670495707256
5.362640770337622
5.357464042887431
5.361908157635571
5.397271031949317
5.440785129637915
5.372601978636967
5.381887326129205
5.35758942137895
5.317002916602008
5.3086560096198365
5.427037237634073
5.465500727763637
5.469272104724573
5.4825648538697624
5.45158069467249
5.4399427823417
5.485724442628607
5.4847622825107285
5.540883816260294
iteration 5
4.531647752785077
2.556438390642217
2.51166188534982
3.265955208799093
4.012190638166746
4.565523473067794
4.254969903216056
3.771598282848731
3.444037815833787
3.7453119797130494
3.7517249731346793
3.553029938081738
4.046512469791189
4.4087524601567125
4.338676463537343
4.282356967939553
4.302886375439008
4.286880832305647
4.498350858795629
4.656037935272296
4.683697508286174
4.7792016862575455
4.886090608677933
4.8845256373181964
4.805630479559147
4.751837821777732
4.7922893296454285
4.8087900692250685
4.878370526609982
4.907339525236766
4.904913709712851
4.895142204733926
4.9671091573001265
4.944673951079599
4.976297994203182
4.980382168379977
4.905555714916051
4.815573678011765
4.952963924481205
4.965103693727378
4.846414731197129
4.828322032773736
4.809607829374666
4.820882800505743
4.7167883070869205
4.688418310222637
5.174882164416569
5.271735360620837
5.37012379872605
5.2968068021873975
5.352570087174924
5.403330568790044
5.437209937019218
5.442165644378218
5.377988949391148
5.377353026608095
5.344365042026495
5.250868095569455
5.208937712073438
5.21545867003715
5.2501077398208285
5.2331954450173415
5.312147047542951
5.338981311656572
5.262767728506191
5.257188690848976
5.342912459777458
5.385460650459574
5.390078270789655
5.530716843472828
5.543743111563946
5.4452862100911545
5.401380100412338
5.437210423384275
5.4162746342858075
5.463128068385301
5.502228160491123
5.580186977690648
5.559010965181826
5.574833118051652
5.536702915681848
5.520029229764407
5.544655144378498
5.5941613525475455
5.5409282117163805
5.538258492120845
5.481655089530864
5.550540689444805
5.5142076261431585
5.570771610419632
5.52778865850758
5.524570233287632
5.573653903631549
5.603928934217748
5.618905757088108
5.610213392031471
5.587743109031246
5.5947117336419785
5.585113567846612
5.5661741890187795
5.565852198002647
5.566045776193254
5.593103068108344
5.600776099840349
5.553209287184168
5.578090342874471
5.599655391582178
5.630679782774482
5.607839748971893
5.609520353929618
5.615718114507433
5.57233938727859
5.594720893190676
5.607680106876328
5.634671879827088
5.620207154574707
5.674341480409365
5.677721114447456
5.6751955599597705
5.664544939547211
iteration 6
4.876009415672004
4.325289183760323
3.9404647148101977
3.6184864911389654
4.384940516931464
4.402897664351946
3.808131634722687
3.2287802318708834
2.3847983457608093
2.3754656801437983
3.384486504057755
3.498485849346714
3.370921481739183
3.4961098947545612
3.0846277937611832
3.6646160543215633
3.692733009053689
3.5997571569965556
3.525461555763394
3.4052457077500544
3.6595223267218286
4.373638847552435
4.760440794740848
4.870114503299487
4.554270736493714
4.504496433292726
4.233689496613447
4.038545785337591
3.9373878846508057
3.91314449451368
3.951891089274083
4.313910741613069
4.3568824145333345
4.4139266337141825
4.397408578286561
4.499076710856671
4.678575098522245
4.886217731102159
4.875643723262005
4.8572145287845
4.956991528673806
4.941046713296596
4.8053354431681035
4.858026570811872
4.8570634866138755
4.962014637553479
5.049323007086554
5.0902404449567396
4.932955195062392
4.701740831762
4.632464774827683
5.005245166984871
5.175910994416643
5.326841865357233
5.398898676088453
5.4002072928598
5.497135720150713
5.490001191054407
5.444743525773429
5.479857101836798
5.409782790121408
5.430596129659903
5.448079051100487
5.443470054166669
5.413416771882883
5.378312816450228
5.3724206095338305
5.310327069253971
5.191094771348036
5.252605583407557
5.221260813123605
5.206643306538113
5.233641432107163
5.271016752965471
5.348594408694437
5.368705958123704
5.385179328561878
5.356162147658268
5.332112756278664
5.378754453661961
5.4404931257311135
5.510616376869113
5.4036344967865295
5.472384109915131
5.591625153392364
5.579927196014147
5.646345585657809
5.593756059995484
5.636651695365936
5.6340929518494045
5.634386000108422
5.617612274639287
5.651806746316348
5.597326397129926
5.565025164375934
5.616494398333839
5.566680585024643
5.600637402564703
5.65662847355931
5.627937983140267
5.583555011081435
5.5554553602609476
5.561703617114553
5.543211333043862
5.517687364989687
5.648202228144374
5.683288991231264
5.66262547239584
5.628398222331865
5.678704248536827
5.641424812687895
5.611439299618747
5.6108078104045775
5.650468176147513
5.650571096721692
5.619639696283599
5.577488448081291
5.547644548227157
5.560099996460739
5.570109747525675
iteration 7
5.338202981216661
5.122798312201062
5.067717686870238
5.01525171919916
4.486131533953673
3.486031361277909
2.919912499071236
3.0249635226248244
3.3332778576160558
3.2828290117599845
3.9799470901344227
4.210247115985265
4.101433886118452
4.33892603941304
4.371626934978229
4.667904615534371
5.1982238045163704
4.959492987883024
4.9204783815806525
4.866896437147918
4.854152758331126
4.97915070682022
5.075611362552056
5.184979994229002
5.094551824922763
4.83205360740057
4.603773577581365
4.527195339130441
4.042221555385714
4.064094136736383
3.87115077273876
3.787577175485257
3.8697805592025905
4.28471333153652
4.427171175323668
4.528571769321672
4.718639270034696
5.125096543742294
5.256260190349028
5.17424905747699
5.071270042998934
5.088951303913368
5.2030729621980125
5.3386701906898
5.388345778058701
5.314629399369672
5.321392855209252
5.414504351097944
5.354257525138216
5.347307065583752
5.245846505810618
5.359194814180967
5.313413549567168
5.3360012430094335
5.288191573342853
5.348410367365764
5.326263862944134
5.103773545920919
5.10790589258304
5.268091283972184
5.2530251115624935
5.4149882078583
5.448754914494356
5.465204586888294
5.4820171981379
5.5196893452835765
5.511104882326457
5.470218078785467
5.533350215856136
5.548481121259722
5.552345824872776
5.541143863293781
5.529465654745373
5.52159361667081
5.530896332840073
5.544129590837188
5.510630379902193
5.512353252301295
5.613999964863459
5.638204373832773
5.59625912980241
5.514870742083637
5.558887721836229
5.581869994834767
5.637653710068527
5.645992350010132
5.552181445254601
5.577828201001464
5.609365148538376
5.625079339256599
5.719328489220292
5.710975903625457
5.697854708893155
5.6600456126072185
5.63513861616305
5.6767061525588955
5.654630275898508
5.679250457899412
5.636240942037839
5.658307462377609
5.617155517118046
5.645188103010926
5.623993596078816
5.5745977491469185
5.585675309571238
5.620514667506995
5.607232409720119
5.605277913227005
5.620101411836187
5.506212457054938
5.522753831562422
5.471176641159558
5.42583983050561
5.483088487313268
5.453810464205593
5.499568471823162
5.5899220034058565
5.6210057323404445
5.607636072872998
5.611030147078341
iteration 8
4.950810392818656
3.970798020153677
3.4581955314559334
2.958756641306258
3.5695779213886594
3.1139806232514813
2.7521250312439514
3.936217837694252
4.0001400301334
3.9807113042947693
4.065666470572808
4.150840898826751
4.0906765593844625
4.233985852258015
4.1017881360936865
4.186552010905831
4.1666807079716595
4.947354899258027
5.188949954892435
5.138212925098347
5.133648964012332
5.14747647897162
5.124508090128382
5.181374209475693
5.136742899485495
5.024708135335878
5.014832830389218
4.9553992589928955
5.103112174188292
4.6605745893695
4.128589605377991
4.094114984673134
4.038292448775462
4.833050003262811
5.276892671095732
5.330246401567646
5.35390722367094
5.372874430783533
5.434302061694365
5.45834554476344
5.257101067350387
5.354028851274751
5.430664142378704
5.3775709492893755
5.409069601632674
5.417861871845121
5.30086859549196
5.310909634517241
5.440445027520814
5.4447795781416755
5.412518267939738
5.380938723422729
5.396976299464892
5.3294784084699085
5.3634113436379085
5.415459381444379
5.463037294796031
5.353693250702022
5.337517820459675
5.361033164231489
5.442146060498598
5.473612407177375
5.4621287643461995
5.455099991859316
5.439207760060278
5.415151259295018
5.461887575908081
5.4264929585700035
5.486556588878549
5.4693786712380055
5.4819976248571205
5.507050045279929
5.483718396777671
5.508349744673612
5.4863752737519205
5.433912066089181
5.449875176330781
5.45818761725369
5.430647973427375
5.319001219678959
5.339736827295236
5.340308546405757
5.4531288880318485
5.410292043528335
5.415529615473593
5.343586018526138
5.430588563191018
5.457093163996631
5.4798591285306415
5.44704103382557
5.499333962824373
5.449393532141417
5.446976953720637
5.434168462658083
5.409151431433582
5.43350661219873
5.407460155917866
5.454376317904831
5.422340565309173
5.471388281532041
5.455900187223364
5.422097060696128
5.459514028095131
5.50211127928979
5.507624063480629
5.473436136308082
5.525169533292469
5.497414314938176
5.4229840187777825
5.502675824404953
5.473647640044894
5.51422042541565
5.498761728498649
5.501952605189817
5.53510458771655
5.487744620329742
5.522114958627911
5.552340476059686
5.58608901849684
5.549566890909727
iteration 9
4.576217350601198
4.876961984754399
4.645140945842209
4.754678389006629
4.116043078089915
3.5693310366682267
3.145334022676097
2.92600297434933
2.7485421600412603
2.6995985409567487
3.5545023245002962
3.396777396558847
2.9826508894654977
2.725846640156228
2.737067657393386
3.1300376136755093
3.8857766926599715
3.9515566271893334
3.928000057279084
3.9053643068741435
3.9664199138422767
4.056140265890548
4.404883725121978
4.952545584571279
4.768150949360524
4.401311611756872
3.927506966484697
3.800838488039677
3.7170108786116596
3.535415641661518
3.526171206260082
3.6606816587663316
3.774250994220211
3.842239253343124
3.980700983622508
4.397546130380341
4.405633188120781
4.60035489424146
4.454633208908354
4.8461037055425615
5.084800009263754
5.242475216542893
5.299249804553511
5.303538879310668
5.3752883763508725
5.307963875809224
5.202753058032385
5.228788992503138
5.353098473647126
5.405284694641831
5.40043293652953
5.277395443113161
5.315774597441785
5.328383691219572
5.29714959227544
5.352855595797143
5.389540899661857
5.42887995337391
5.459137039179393
5.415132025887845
5.527519623648665
5.484862519414792
5.443485640490824
5.363184551641479
5.393947022937593
5.524175112358834
5.522992918288483
5.495884799297251
5.498310712878293
5.520022469089198
5.518384194752785
5.5205705060523576
5.487149013924976
5.584525559510631
5.628431231885954
5.614470657814373
5.633107905938182
5.617662017197847
5.599865369933898
5.6084096696062735
5.544170023344557
5.534909962535085
5.645617373711205
5.650359602841227
5.604098750133457
5.5188965853346135
5.5601193941757785
5.6367065150671705
5.658998415216381
5.688217778444944
5.598575630278943
5.540487791314814
5.534414307898094
5.590138910335854
5.604603647291743
5.562025717547997
5.504959727413007
5.571888466275632
5.497019534645858
5.479011082432015
5.504571650593946
5.5292168060602265
5.569629730499472
5.600394612095393
5.6080258285117655
5.514447205457064
5.505158335374793
5.5259459429852384
5.648500033403966
5.6517197948021805
5.591615565679574
5.621095890363666
5.6659254938582295
5.653104461412221
5.653693341693229
5.6142743037204115
5.458492680099562
5.553384029583607
5.620525828077165
5.493673893539881
iteration 10
4.730203554000954
3.7874916824487515
3.658530493096207
4.07414491265835
3.59560316625415
3.251008656219179
3.383885740372421
3.0882728101341717
2.7973412740930788
3.3810280655797897
3.999601093570892
4.366465366582862
4.972401984932949
5.205810584172492
5.18928831160308
5.1700696806413875
5.024488782411059
4.9893617638663565
4.984291508743916
4.948215263228764
5.10399493326432
5.266010909887383
5.168442706966382
4.918854640957429
4.70090770355786
4.286513984035388
4.021383273737966
3.8526907777323465
3.9520567231217543
3.892863146729557
3.9345806967982266
3.796178585658843
3.85337020062014
3.8359734917252735
3.8583980116378718
3.8220694005278335
3.92332894409783
3.8613236352603844
3.9694585917531024
4.188122483207391
4.264227092752653
4.322804295294366
4.235067772434031
4.288303074365289
4.389276292576079
4.445474920964593
4.473361841452754
4.613186638478956
4.887850314797699
5.0328585901998615
4.863447345546009
5.242866555015334
5.338760495325953
5.326891540170679
5.346209325444551
5.137083995114868
5.164561725810988
5.189144203796834
5.264647599312891
5.4035265073616365
5.27967209816115
5.3151656890411
5.338073271119392
5.320634827985479
5.445332750290326
5.420353915424145
5.28194013570028
5.453069428470169
5.596182410123408
5.491677813819795
5.48126113858039
5.47384094852876
5.541458313047908
5.547532744093787
5.6025314746001955
5.609083008283673
5.624066793223801
5.635672721439942
5.729713056635876
5.648061317973733
5.551797401149628
5.556128679256065
5.579890579833966
5.556058794774086
5.629760316739962
5.6961463553817895
5.6814722240063125
5.645731320561924
5.644810938278666
5.712017969846821
5.704356330007629
5.645325954321343
5.640720221304929
5.590169886300265
5.679519623491303
5.646805674818001
5.6582571236877826
5.651772437370718
5.6214630353302235
5.622516186097334
5.630471193765644
5.612844702419899
5.640563422323234
5.662453295858636
5.600752453082018
5.6122825260502465
5.638717899351885
5.624172356646676
5.637036306410562
5.664158868556518
5.690534312781043
5.64897091372898
5.648522482613439
5.630836224881375
5.671999579968064
5.694815318696908
5.602499094708986
5.603329679823335
5.626019757581238
5.675008391196169
iteration 11
4.649754709774312
4.151132082074376
4.494611741521441
3.8949448609511457
3.125164360250119
3.7796141112272714
4.388426034571267
4.3542624777014
3.803852909604339
4.026044619536416
4.011824406348914
3.493943661715857
3.207731654971809
3.324240986723352
3.453827437646916
4.080680861199919
4.676079967422724
4.796438462728648
4.755716667280147
4.73541316283858
4.597414917665969
4.400907519164276
4.261811775696912
4.224382704167962
4.288128996029985
4.1571360506765345
4.175645062949236
3.9292866837617453
3.685054708006342
3.743519945522026
3.9052990173257482
4.071807541076462
4.47822503968019
4.631244158302976
4.7366921152829
4.581844710206343
4.42343496890417
4.469230398438704
4.587425248375865
4.479535285900046
4.445267455887438
4.451469366418331
4.944020380322878
5.12387750203952
5.214542874622424
5.182722614795603
5.201643342415312
5.336834671864478
5.368083029150182
5.420901152468662
5.489770882429053
5.401788763090777
5.261384529327651
5.446371937512411
5.456661288520279
5.477443130494645
5.455344175640472
5.467470185743731
4.937364779080067
4.213212618285485
4.475312555312699
5.359092838963404
5.576728647454127
5.591764700277875
5.555910230030928
5.54978229827103
5.603060947984695
5.672310208617425
5.677848492062961
5.647999608105996
5.671758677744325
5.609326809816364
5.588918555773908
5.616647777589237
5.564146036997322
5.562897418760083
5.577358548065413
5.59272142746793
5.580049893253597
5.533337471592056
5.603602476390067
5.622431586082201
5.60023582137116
5.650832902124913
5.691052266572622
5.639428250267224
5.628498524982168
5.671971100769081
5.61831249355629
5.53573232199416
5.594576057557083
5.547221201977421
5.58997997987121
5.5869113401243125
5.571212742733553
5.608231631867426
5.513674189679579
5.487702188940132
5.505852537478376
5.545163927824252
5.529951598314575
5.519925130213369
5.433728492972177
5.5345311835413655
5.5723359821070035
5.361022028256047
5.410950398565072
5.485141954790299
5.3944454387948975
5.473304740497673
5.381664416430792
5.3981712053118835
5.266577815501043
5.271342027370923
5.362421305156545
5.336787556518807
5.292824783680381
5.234637812646884
5.231230904934332
5.196310188403571
iteration 12
4.260442735298065
3.9976931467369945
3.54819355571973
4.51742157335815
4.769531543853177
4.5432248330964855
4.734364585540672
4.3350673902372
4.048200408125588
3.89635913060974
3.704121439188544
3.82430393478547
3.983510113539501
4.106241364468688
4.121140409145995
4.691478248463143
5.13410749375929
5.199790906178983
5.289398449303346
5.413130515315414
5.237972393807783
4.888651250860491
4.335337261098479
4.060400633488197
3.9568718372225926
4.050408022482528
4.28813644122787
4.335294266673927
4.493825543514735
4.408298279461578
4.544755060596035
4.5057960873544936
4.485152954296545
4.532127443848593
4.554927756331988
4.759325089511197
4.84284490455993
4.958538988442579
5.008878120557474
5.11034357134408
5.201147713107177
5.281181085321252
5.410795998288363
5.473082611961839
5.554306297963975
5.569486563979898
5.496528463371532
5.555786320725807
5.580026573174898
5.4934141117519495
5.52595104519924
5.551058691534256
5.561437022515957
5.629322437945446
5.595450829397626
5.5416777266847275
5.657329921848648
5.641048286009704
5.569746203937187
5.633943424296927
5.614100639800272
5.530780575741496
5.624315841073085
5.645122206070741
5.6040621648154465
5.665757469551324
5.614750645026906
5.545526100454338
5.582847763783169
5.586808502543508
5.554402128093994
5.558825128183263
5.569039304216715
5.624853607118348
5.654378954329056
5.611748403991386
5.424828856923748
5.401234418683808
5.584360403384568
5.62006502838975
5.502909712257097
5.553180054317396
5.39995799637893
5.382703589300478
5.382245022745576
5.336406756002917
5.525167451783866
5.562995329637635
5.50215845265978
5.56353021945497
5.570582043636835
5.51756962845135
5.548489677139194
5.555769925899381
5.581887596277229
5.601380318008011
5.558417487814848
5.605146475536459
5.6323568488621945
5.53424966060323
5.529618064262645
5.587699183661457
5.6222346061166935
5.64803583963803
5.611697216990409
5.6051858187930215
5.650238234603069
5.659873950438791
5.683570536748499
5.6690369553849465
5.571986038064961
5.588774756991261
5.614999774428937
5.586053524617553
5.600685284873402
5.640101998811598
5.563962991769902
5.624483838445854
5.63146847327857
5.6588680126469635
iteration 13
4.589021523750868
3.903315210504684
4.943482337677855
4.726633327452549
4.428144212961486
4.800634606945243
4.629106783305416
4.337741555309499
3.8845366838653708
3.2936419995439787
3.9699166089121496
4.185623297976637
4.423476281883406
4.992392433878312
4.834564855001508
4.34242829243883
3.813413471470997
3.350530935627506
3.187222602753018
3.2026890567233117
3.738975876387708
4.23185269923956
4.566831478663604
5.234153899000387
4.855364562274946
4.66267443502391
4.4007122075603435
4.239788916637615
3.9651166943221265
4.006876097609669
4.0893606631748085
4.190583428854235
4.219179832343246
4.3694536249489495
4.565452092969892
4.675551793599607
4.873923933418691
5.080131648682762
5.096317210177483
5.071681441688225
4.788218220687408
4.825656698945528
4.690351889107521
4.504985307776692
4.527209848978849
4.413852042372532
4.324850340235359
4.170998606316484
4.219494070384268
4.183143212681955
4.098392100786704
4.028393707229015
4.363170120603006
4.579950193662113
4.761233489999773
4.851320336694455
4.766137311568705
4.866988784235577
4.961906347242746
5.040631570192562
4.972241100368412
4.966319105534452
4.995683346066632
5.084101753409921
5.20986499414482
5.2683798208373425
5.308162087421941
5.384489694608467
5.443951616495386
5.517040100014697
5.54523500984296
5.637666356085921
5.5593922420829935
5.519180553868995
5.499584862482295
5.604507095750048
5.506529411020454
5.545087558606148
5.602247854695166
5.585087560528202
5.460134444501405
5.557033023111086
5.503906025752242
5.518149178060092
5.5139950915217
5.499143096685125
5.505286170778294
5.459065913433974
5.541122206822695
5.564224855884181
5.649497057466122
5.575973587927297
5.471634563879251
5.507261384954684
5.498761209747219
5.467812164323201
5.557799763122314
5.481178816888068
5.565666802108038
5.545126571342045
5.487942963289175
5.486345343353861
5.493070655525347
5.591386227711692
5.547724678695416
5.570339425887332
5.5564177382079185
5.5933027980608525
5.622671234032507
5.562608605285183
5.526339868542963
5.491409295861318
5.481070771973442
5.573119935894895
5.512028375343132
5.423676146304838
5.482282301966225
5.57452025367522
5.565371249955442
5.490114814959448
iteration 14
5.269114188444741
5.133380591230798
5.002258386738854
4.985558256301576
4.5834606123714545
4.67358410172074
4.582417170411482
4.307256060484672
4.298580077951939
3.7235360048690644
3.2604633263148757
3.002439126473397
2.871832248399053
2.858794856483838
2.734262334100551
2.797305141818117
2.8742452333592663
3.226784831330579
4.239318102748979
4.868029226543155
4.818477518091
4.012445810490128
3.7298919261082544
3.9772564337234173
4.2388786739667275
4.437774132100827
4.6149963132802325
4.568181886347354
4.414271761984869
4.40191397337239
4.653874369981045
5.139006189151499
5.190130681080384
5.227286296632658
5.184640386456501
5.10215890473999
5.200858638622221
5.266435495634542
5.301723580676006
5.2989470191158015
5.290744262230525
5.280458972028897
5.349681306806264
5.437171942464197
5.535758996876283
5.464977626464993
5.5178253666609995
5.665138730155859
5.6256720570156675
5.596112520846281
5.626455554779002
5.632501626675305
5.602231648720341
5.528114961381903
5.442224062650016
5.502350997843752
5.4862518280468064
5.457777499279927
5.493529323286308
5.491921866866091
5.466389128367174
5.475316309156187
5.476824865491002
5.511002536782034
5.511429479661107
5.465513890431323
5.517872011612549
5.535986456409356
5.543617748740542
5.585792724891478
5.567642732549878
5.553760289373493
5.495203458270449
5.463724802746764
5.515674303796035
5.607893685764707
5.622928065876886
5.612353040059634
5.564379380777939
5.617736945488406
5.6022809739014905
5.591396611541862
5.632655129594084
5.609004132955829
5.582017835947232
5.61100285168849
5.614760874726637
5.547217633269887
5.559453459590976
5.561049931497082
5.5830997579654005
5.573719321706591
5.563720663688649
5.5800465130216965
5.617302792378434
5.62219007663662
5.574496997986752
5.568869264410625
5.527615172424581
5.5842538036691804
5.558882576253409
5.582502551604022
5.648656934332559
5.609806209406753
5.596811274306839
5.563227946231029
5.5628267718557645
5.5525498181886475
5.555191729288726
5.557254505393207
5.562755154469552
5.561078277765738
5.575380055640083
5.596890276654505
5.5777125108356564
5.591699684850389
5.531346549774001
5.572805060371256
5.587031046832062
5.621788319717501
iteration 15
4.269833193991703
3.450395509420009
3.3390018256928142
4.801346963989408
5.282633385178521
5.523655306911386
5.499407828302413
5.324812116808381
5.053507052815663
4.46524569961784
4.223005543241075
3.7733363744152775
3.6258147704611137
3.937701568922458
4.5955482044475975
4.629784394156877
4.399854025467157
4.26546052982263
4.31462693027141
4.434448200251998
4.458272904433702
4.447895458844691
4.75535614312515
4.86310622733709
4.938077872792901
4.95165470366174
4.867889819374831
4.867908442835543
4.8699771598389665
4.876906239356849
4.834934575644938
4.635586778425088
4.452917865674797
4.378084032276266
4.341974780233434
4.456754236560082
4.430708971915199
4.397539495790024
4.288944908446276
4.25200285964566
4.243544907847606
4.238892131361669
4.27390292787546
4.296249230551751
4.4067194746671
4.375103419940979
4.352985404362204
4.46837498520878
4.370519852028431
4.306151074224978
4.292650969824453
4.43578137589016
4.438475821040322
4.392874715913789
4.383967317080006
4.4415948577969155
4.450934290890293
4.478298361822908
4.519025634210885
4.537111304113293
4.501057367895301
4.466439595342729
4.429843129661472
4.387344066821253
4.547544507745259
4.4905324766133585
4.49291932816484
4.428602239193058
4.394278370498557
4.501269827344963
4.632772534611115
4.4654624001515
4.579821796520097
4.653589989323366
4.721408931423723
4.695794287422177
4.658478184697534
4.701376310199126
4.725102911933098
4.730249564045966
4.779881362458011
4.702871993170047
4.707310941899553
4.667158790254033
4.7293827631563214
4.905391631466728
4.906673795381149
4.853370104894557
4.8894345647833095
4.95287559487547
4.902541987815893
4.868194609706771
4.934391161573336
4.9236552239744915
4.926343260904812
4.947583200496114
4.982925831125202
4.916374073094443
4.8962150859879605
4.92473208528393
4.908397321165638
4.913081515599573
4.923985256446297
4.91175039958029
4.962268417664291
4.963086169523944
5.007420318945426
4.971133136695677
4.948946488346474
4.932274362519467
4.914270715266245
4.942340205001548
4.959381276359797
4.975993036351875
4.9457434908808
5.125685949859363
5.64234889955366
5.53878951875901
5.477630025656267
5.461246001528801
iteration 16
4.865522808324896
3.8564607743205297
3.388094673463807
3.64908033377781
3.7462094615056287
3.5162450298532586
3.2577392986161096
3.7736600091467882
3.8238610507554323
3.3655761086050275
3.070239362450161
2.295143544967947
2.266491096190889
2.6996828141596207
3.141854278204558
3.4240179517998355
3.456674081972595
3.36527695858806
3.3361699058750087
3.490634685915564
3.2785054192318848
3.5946135120759095
4.129914935229948
4.251850021632156
4.1023747550858785
4.053828146216498
4.495589345138543
4.5294379419370525
4.924978958905215
4.937715822744708
4.75091168042281
4.730752030486743
4.571741321932664
4.336544199595484
4.296615099500931
4.2412632169486315
4.515199417921915
4.977436905837816
4.9555527139153615
5.077088695340915
5.280747792265429
5.099436260791952
5.142452454644298
5.045306149289143
5.024776105785282
5.124113564951882
5.202351349946932
5.215676607353889
5.277237017452228
5.226253109276838
5.207937138633492
5.278918947592798
5.390638773183847
5.285623822352744
5.12672019438662
5.340668967360738
5.323908659373262
5.30007912313226
5.308930399314716
5.263479179491932
5.3444296911520714
5.348908674897167
5.306845289301163
5.316902370674387
5.325231637227559
5.2857900476066035
5.206310685803812
5.289605690738045
5.208410303011973
5.193751965466366
5.125947553278378
5.125860063074803
5.097463321726277
5.0359235388794215
5.178384819760469
5.180475728786733
5.243518900241943
5.263582621313788
5.034030269565789
5.059800108234761
5.044592722269767
5.022673712951407
5.111768596524161
5.1280913702674
5.084367341095716
5.043800644340148
5.145283241712113
5.106770339951056
5.112700468778841
5.097791059612481
5.098868060986251
5.0924115326847055
5.095698042821479
5.087539932415693
5.199426471924495
5.34877804241597
5.2149753975212185
5.2193461575409845
5.178915778534859
5.236008890300365
5.18458079059488
5.296576581538958
5.363357957668817
5.1888536139159624
5.313424070497012
5.424063166438274
5.294874281972514
5.2667671058283325
5.2281427224262655
5.169547302844023
5.05720638291013
5.0856449640765415
5.100793059207177
5.167064768984525
5.082805967879903
5.088990303085489
5.112477898440022
5.205501094452219
5.25704909267837
5.282817027644901
iteration 17
4.684276639921429
3.8293859409325672
3.4986195206248185
4.426926570302075
4.455754106553417
3.8360740975869145
3.534732802910138
3.4889877341095645
3.877262920038224
4.487021183365165
4.4500097102613205
4.208123328470915
4.095186880058398
4.1165542305435086
4.431921853201205
4.571534509714304
4.561695669418813
4.515571578977063
4.555342675118436
4.649097023331453
4.866267221323703
5.118026288595068
5.204748743169076
5.373791881419878
5.436310649769712
5.1868940545420195
5.3207924058841085
5.2929997874203885
5.381841508379129
5.437584084056839
5.392679892990461
5.362938865999609
5.358138608187201
5.411169722642768
5.422208337656717
5.427852954615638
5.37033806943621
5.408514637883228
5.449551811525591
5.427617574009968
5.40429162252335
5.437106118619195
5.477022707331829
5.424878768988434
5.474009472644017
5.505024185943667
5.47083358982798
5.150709394456295
4.969386962701654
5.405591584853125
5.5303681636769
5.595699287622786
5.520608254609326
5.192500743305976
4.994912906849718
5.138234201264556
5.213006182801799
4.965979493460096
5.052067135234459
5.207030451810827
5.254526166827512
5.083500269190309
5.314196685828939
5.342943977960747
5.356710591883501
5.373516730524521
5.2012051398802495
5.262566213268384
5.300440443526363
5.2986597807191655
5.2439593478151885
5.258592150634675
5.220628009092192
5.14259524673423
5.089348246377412
5.273858429838217
5.274240326069733
5.294498811753101
5.200852310696207
5.166506446340925
5.23166893704918
5.204624561996938
5.142224664131827
5.154912510790284
5.3442394542428895
5.305855429194309
5.284263520965342
5.165122892871065
5.4989905261844845
5.52303201043642
5.631930476621876
5.608603141567678
5.582639787137537
5.590901002412345
5.625529777285899
5.59303738473925
5.645753839288587
5.590349352144203
5.549786299877088
5.615150815093566
5.540997532651727
5.6083560486947945
5.623009363570803
5.58669464461786
5.56757033098222
5.679468000249821
5.61489606033054
5.571748928968949
5.515046099798559
5.5449760437346605
5.56669300957455
5.547034924220947
5.519249511040023
5.619677054985391
5.610491894832157
5.5387612359355956
5.523316734505385
5.559276170557948
5.552344182598995
5.527314364346548
iteration 18
4.753897234310667
4.109825912220629
3.8678099040974896
3.735198198467607
3.5533083172860613
3.6123027747338297
3.9669886154208944
3.573423349752158
3.1078387923511093
2.878197364203426
3.049008134854122
3.122219022345687
3.189713306724483
3.175406323895384
3.2092289672963674
3.2177468845311368
3.8355047012679973
4.7664552723834115
4.278559201622965
4.150851832506647
4.520145617048356
4.622423905271763
4.917197266434408
5.251571324058143
5.4862238828432535
5.52633015787386
5.364310461440522
5.075353733337028
4.6424974887296795
4.635403538494541
4.880838772034466
4.831292357120273
4.689004562117691
4.690340801361794
4.8337129325059935
4.7862768229501444
4.665450974535698
4.543913929142802
4.515961490043436
4.446330414410097
4.140154000213456
4.079982714865733
4.165989742206891
4.117225140826917
4.108155817056261
4.043876042460166
4.153432060443411
4.23304929364279
4.51972397507487
4.903283989251745
5.040846568928967
5.1898621649957795
5.296046921182768
5.381897967151308
5.4719063200379345
5.478024195321401
5.493281604815109
5.498333644966798
5.55495475223753
5.548726465129624
5.57783516856158
5.534557297963364
5.54280474890721
5.480809368557273
5.3878483449445085
5.4100314025669665
5.416977300592381
5.3565597565014285
5.517113059633954
5.499670771528201
5.486694514335995
5.506877261098387
5.466414440292428
5.519186990336395
5.462794392580655
5.500336414495228
5.444740536395917
5.461305797506096
5.505775712064155
5.533427997648179
5.459858265787903
5.439864602988183
5.434199267722871
5.4642181382854975
5.498407945439688
5.499873574812053
5.4102170330397925
5.410963098323521
5.39300784144846
5.427880832843495
5.423908331354611
5.384243757360469
5.4434410638674615
5.489411752419232
5.596530072306482
5.597650200954734
5.540349949538782
5.513805482457488
5.488655706454017
5.4811667800847745
5.487881799523869
5.514642981834493
5.5315234033302865
5.491073519021066
5.5488540473285966
5.507864918722309
5.579964260646428
5.623643080642829
5.58913881331781
5.627005437875091
5.621705170476106
5.556038136699194
5.5055580549438305
5.468804854048836
5.40566821943088
5.492859633425769
5.51538691287239
5.57654942986753
5.64204569295342
5.593804451601983
iteration 19
5.128327133618606
4.590184372547033
4.845877559543923
4.603514491911287
4.479295358296589
4.411816108558628
3.46278572906294
3.3726598450436307
3.471482584046029
3.2414405626589042
3.6178680526717297
4.553866436541719
4.690005177165399
4.6271149983805575
4.556906262957443
4.783451609420147
5.0618654217476715
4.733055398411721
4.534166112584192
4.319748536573297
4.422148705185108
5.075568222818109
5.420365024839564
5.381457950588523
5.403487973628683
5.45789585141899
5.368776816162823
5.2387731408510785
5.173621730139074
5.128084627892525
5.076216814776138
5.048484666788795
5.084331224292055
5.206027792073585
5.273626300298045
5.184088457077552
5.184756227268231
5.17172849956262
5.159250361035403
5.171428782310695
5.190243924878468
5.20736881179689
5.234992070447159
5.2170358379342625
5.202862760252664
5.1777993335378225
5.18922373140819
5.311612295531091
5.377780529892956
5.304749024894522
5.228992047088704
5.2830683225071455
5.380962519148584
5.319461579740332
5.2609596208047265
5.2859457341143
5.3337758722233035
5.440723605892159
5.489019011670083
5.435463137285087
5.30331872894162
5.31756943449707
5.330347347087671
5.372888296383962
5.512454818427077
5.5423406471079595
5.507330172071628
5.547860847683262
5.596183571011071
5.666421007939339
5.6886421273320185
5.671443501810662
5.563197965565905
5.5700740945787155
5.575999344669928
5.5586306337757945
5.5192081165266424
5.5634957404931695
5.614794643488014
5.555394277147485
5.5189629788706585
5.575286473175015
5.622366660060175
5.624822598983478
5.649512646900795
5.589116004139924
5.485372191370109
5.45793034857105
5.554554607640099
5.574680851839775
5.644991493699178
5.604376183306589
5.626344379085675
5.642261599611715
5.6262635667544645
5.603021467166728
5.5036425033058425
5.5489141723148805
5.597138456881419
5.639407407279698
5.57002314292225
5.533200358148289
5.602914826960838
5.601311273711819
5.543278848571824
5.589503582584013
5.600557201564261
5.5645105877308625
5.615255459456575
5.640147551046453
5.63044666175202
5.595804083111984
5.615633935618771
5.561799010423572
5.576971894961431
5.582531304889634
5.629994616346886
5.6747839190699025
5.689840327063993
5.7143494909711
iteration 20
4.543668745188656
3.5988948178087474
3.1832704669557668
3.7086992208693177
3.6501449630144847
3.514583976157738
3.222585038157395
2.971578369252851
2.527293795679889
2.312163600585428
2.453155139564195
2.433036938684966
2.5335022931560705
2.5089929375842637
2.385918452772486
2.2507735598507943
2.3330788031973757
2.4615355111275226
2.262218442464631
1.3811409702244615
1.3632767955960257
2.624194484860807
2.729605358539696
2.678244458320912
2.8800934940948006
3.0522627312652717
3.325925373199196
3.4759142807224896
3.4353343275421344
3.4477793907613936
3.5692060122862213
3.5737595633592396
3.467147105360097
2.8449368872767327
2.844035622649736
3.374662526289516
3.9657015161714453
4.638759348377874
4.8097349057588366
4.896618903654076
4.896390840517501
4.876257666652323
4.769146330576202
4.785150797853746
4.813360546206707
4.78384583184025
4.792262164861139
5.351276964505554
5.322871606105391
5.275972331022278
5.262055760928624
5.312665018785891
5.242698858532792
5.25733144887924
5.263436008820724
5.222300956390549
5.323798930688675
5.32317938476439
5.355121658103648
5.3310746231636745
5.353480692156325
5.373218867028437
5.368447627093287
5.403253322267051
5.475002574312992
5.500848541523018
5.529542800572491
5.5435260228022605
5.526098404097378
5.534680202113812
5.5337852243749195
5.542325100994983
5.521922631813002
5.496125590913101
5.426052940914153
5.447048177948609
5.488002961098264
5.483851275511481
5.496939272534015
5.506120571543545
5.5171340480018225
5.513447118632355
5.491155213869857
5.5126263843864685
5.510700365737992
5.503258727281823
5.58177241646287
5.590086087576151
5.531370364822448
5.470651716386511
5.535412128918617
5.58458022225942
5.529004192839931
5.565307865761242
5.567704391972578
5.579577877653707
5.5205028683558695
5.5284900489191875
5.535247119033549
5.541652675867145
5.576368140616349
5.563795134102779
5.542622671408773
5.512980197911417
5.462064301271897
5.529000526752969
5.5670052337350855
5.508791437459431
5.486676498119159
5.459716911750856
5.488889046595043
5.527782483019047
5.553706030771678
5.541473853653434
5.532227475719031
5.516268226466462
5.54935226785803
5.5583329860643245
5.611331073361859
5.565805593530305
iteration 21
