nb_arms = 10, budget = 4
09:26:07
iteration 1
8.934899406980872
8.509329435809452
8.532255197764574
8.745689007060516
8.641686571664009
8.678773480851099
8.795514366341468
8.822368559699932
8.634178118859879
8.6137081733182
8.502233527733164
8.095131808017614
8.258272099837274
8.324623836621834
8.4435719288788
8.40725129438988
8.32493274905341
8.506111677600245
8.71948200819795
8.75231698459292
8.770399237665817
8.752241030050156
8.55590956130135
8.598803745197383
8.60591849388048
8.54466689534067
8.514523668066042
8.458423334415409
8.563780933260164
8.569400536094314
8.697601166146391
8.677105053314706
8.658219313240938
8.704491652652383
8.52602125446587
8.705432589567545
8.763668926156598
8.826391431352166
8.768912237783754
8.807780874505397
8.714986201071758
8.785297316485492
8.816476790637351
8.875959324076463
8.845764247372658
8.79591874608532
8.844354342502987
8.901104065673815
8.910076325493357
8.934835989915294
8.744934515135471
8.65977930831105
8.60937140442621
8.619450880933814
8.681325317041479
8.79393219166945
8.785477730706592
8.79411757458353
8.749943681498282
8.792776041146663
8.706204768602417
8.68021788277623
8.789238766433527
8.796058823354235
8.698985018236284
8.685607930358216
8.67864041620949
8.62577449037984
8.705159600761302
8.544258014280581
8.551587461291696
8.67533640709188
8.704294836368756
8.602067303836472
8.558609496240537
8.416133597477163
8.466257677007311
8.49598589327008
8.504501040686492
8.362968720488158
8.510874014884365
8.49434753540519
8.462158566505618
8.392508477908546
8.508345663347747
8.56993089602592
8.571818160686822
8.522416883320824
8.478014575153004
8.501731254992725
8.578716097431581
8.471723574503388
8.466560820907377
8.55883810594933
8.618272160431134
8.538518469664034
8.446643472361067
8.407941568576565
8.497977734005122
8.530634034723855
8.526424661725516
8.572370734457595
8.617094602008931
8.525872205784259
8.525910846292927
8.57586876202572
8.521541825835055
8.38522908487399
8.567606585817055
8.674391622366244
8.639091537561647
8.633658434771307
8.607254154954564
8.581577628057
8.569973909333301
8.606023614550146
8.609636950133003
8.53511048609098
8.542002769884308
8.669181506412592
iteration 2
9.280805828883999
8.95640155013645
8.949611897593133
8.812083605222615
9.039225412446568
9.28122956566146
9.157634973413733
9.00089746264299
8.977083632756495
8.91195101915727
8.819580072799694
8.856143275796365
8.898829283814827
8.851836524202593
8.68834490152453
8.667605445900255
8.795246963589035
8.764867473587726
8.617661202261486
8.645562818331666
8.583327920107
8.556229001260311
8.571708890342721
8.44796335739674
8.44921572558401
8.6608804180092
8.754418472081829
8.787965995311078
8.797855281892927
8.782103653423306
8.570745848372754
8.569685070172797
8.697754468179076
8.564465460477487
8.58201986600021
8.642733265643681
8.51441369506224
8.421922579035863
8.38841352179532
8.566615862415466
8.633492622318327
8.631999674966272
8.623571232303481
8.756609068110405
8.805349993270472
8.776262065545655
8.823837093577865
8.866497433490592
8.792092165247805
8.88163319555523
8.897419545624595
8.859916376524682
8.56816265173627
8.627595815319816
8.683331475063124
8.657287066061667
8.595664590900613
8.529051204515149
8.413339876439116
8.618580646882165
8.73421368749733
8.649538988569596
8.687125546318999
8.5422378385022
8.743448309059694
8.716098353084668
8.65260361857633
8.54718569533238
8.56461634600792
8.42974337829888
8.650938165211677
8.482402502383144
8.404601154912159
8.34264424659908
8.226452122889585
8.18787242048744
8.220337145345084
8.227364214808999
8.292843184791371
8.203205792623512
8.295253401359279
8.322039524077068
8.17084480909282
8.213054105223248
8.337636675183681
8.31368355380916
8.410556666240183
8.428038626930043
8.445607076758455
8.425466995951844
8.371819780312483
8.308642108920157
8.378901235260543
8.375483045502909
8.434863215120375
8.451442649838048
8.321738006553064
8.366348831655873
8.454810053556907
8.352177614802528
8.337575776259571
8.368793109830385
8.42968965061872
8.4720841833992
8.473398067073214
8.498756214863873
8.516242646731776
8.467040896019604
8.405753596512566
8.501311182932257
8.49732007047811
8.517970504154292
8.489592032167408
8.493083072637125
8.483304700310946
8.512131474813664
8.53487806019415
8.553266287455791
8.604045151779617
8.594611811590315
iteration 3
9.291308859056596
8.85254233816624
9.036938568718563
9.069303531875185
8.648349618840138
8.571766441580472
8.677590798438777
8.810234650314696
8.8471607192445
8.779572696436349
8.769154244272027
8.805110942015903
8.698202177437729
8.734366095732538
8.754906580643583
8.719837723119477
8.61294344352045
8.572596859152307
8.499413726240945
8.448256282700056
8.582326718561152
8.552819017469611
8.615839476074475
8.628584957061285
8.54929801909132
8.546054404504913
8.593737254449485
8.561512639886462
8.497070951838339
8.484735472930945
8.491187082988496
8.45363329026658
8.3907302192535
8.336168183781728
8.305432034389877
8.40681235845071
8.459566540606929
8.419234764478187
8.349597230165852
8.4453958742013
8.478092426052257
8.335085686271835
8.33060208024645
8.146823085163177
8.097858027182637
8.118367900756347
8.074987091424761
8.067349220546511
8.168588197984041
8.25599161566529
8.201053579025093
8.284588982496068
8.309207998885888
8.404891180811548
8.328564597863215
8.32854418886165
8.397396593875866
8.45355120709915
8.534378055659168
8.501870293070112
8.480795571954658
8.602747248701125
8.62882672621583
8.638892539988223
8.48205013049039
8.450694966102553
8.534535657618699
8.513539723543134
8.495576657726264
8.557601835983181
8.579436352052063
8.545669221632389
8.529686498091644
8.50476173872307
8.506882922357967
8.624620265765124
8.565575134276777
8.511327781000649
8.556894012478317
8.624288906987125
8.611396780184084
8.579455234471846
8.559210055980964
8.446771488241218
8.484587148890592
8.547421926707973
8.591555962446732
8.596929776078662
8.527295928644913
8.507205381899457
8.60897219485263
8.643606572648231
8.646531032944985
8.513724053755208
8.581991583600445
8.546594328102323
8.601475840234064
8.562612989268812
8.670029858718083
8.569590509405824
8.59289287020039
8.691403903766107
8.607805617358364
8.628801747095405
8.757079198369441
8.748062763002181
8.761530711035109
8.760351554640199
8.723418875598448
8.564647346968629
8.430953525389864
8.465523285126386
8.574346989338801
8.578100473355263
8.525668141444703
8.57070299505361
8.580117531846637
8.609911713909463
8.575795425480923
8.496583918534789
iteration 4
9.043811436105203
8.678655564224151
8.660233166043959
8.599925592725652
8.510576631668703
8.57962349506095
8.393277060260697
8.439346879357297
8.491955280905216
8.383477141706507
8.51316833389167
8.599930101391209
8.454171494913943
8.407927706072813
8.438203355286669
8.497822620471686
8.618583770682934
8.72816533858644
8.786399012523091
8.75627848341754
8.725924139536883
8.804920582637262
8.797010073096608
8.793069345041
8.80524628218962
8.744775574085077
8.751147624630946
8.808290958807437
8.792998173156002
8.877333576127223
8.929695642117705
8.902487231207534
8.934511629455214
8.834526023447449
8.935756507173132
8.95118358385634
8.815418046723934
8.929736045457446
8.962480070552274
8.906114008431297
8.863949844384445
8.866325411055664
8.802686000776665
8.807109043016583
8.757868836893142
8.79791998080031
8.670196684434488
8.64088562584569
8.667617488236603
8.71423102617686
8.66367765471298
8.681848829640256
8.679640464683041
8.549489625289088
8.682336712326832
8.678949912780478
8.743950481808719
8.83802256836879
8.874050260032417
8.851361869030619
8.88803505513345
8.925011026546906
8.903491049587196
8.80703881584514
8.875115682219878
8.802553764473283
8.73685143397855
8.66558742058101
8.597109269968062
8.610458162797858
8.718519421725548
8.645258600694072
8.49603604441278
8.450769259114118
8.547910326157966
8.608819036992134
8.61268640727766
8.660185480649888
8.596192828948768
8.597811994956594
8.653845563845524
8.972718698373637
8.98482400147857
8.990219197495401
9.026511143368232
9.12075034540824
9.160002775456807
9.08326186393591
9.14582232019957
9.150671132652795
9.067207427533992
9.151882431759184
9.224936696093106
9.17305671010537
9.217126791071665
9.26572609220073
9.33359249059161
9.319371244721928
9.33612085163598
9.349961349066653
9.320874975808609
9.32900075909596
9.361612783172006
9.358497069291044
9.342941562922734
9.348615285777573
9.310882519430555
9.337925332969013
9.32753780038024
9.324880447478224
9.289753514279345
9.369318630194227
9.380705984814822
9.373029777896209
9.434321431061138
9.471264569560493
9.459894752024177
9.413671205180323
9.393271383584674
9.42495397694177
iteration 5
9.019309794014166
8.888251663644898
8.860339854977028
8.791520158896407
8.7237508121174
8.921596223243583
9.057483362034542
9.162869646002436
9.135352272660754
9.257570943448666
9.161545447642057
9.234109726474538
9.358409748107169
9.405600332032252
9.47755763754615
9.454978224160891
9.508239544411065
9.568713509116124
9.503383179133806
9.399217098968542
9.39691813160643
9.365361408121391
9.345319634903639
9.30916690296364
9.200228638096425
9.262244950178935
9.330788358143401
9.358036354085218
9.3609985196209
9.302774827667832
9.352953750868393
9.411511215824225
9.482407171271047
9.50373602264977
9.514783198979515
9.547531302851825
9.627732745974122
9.556633198867335
9.477893276777692
9.49355516303546
9.43531159066399
9.47641325899372
9.612256226951045
9.72098992682099
9.59974247261725
9.553498763166894
9.516589477827802
9.568163995642236
9.50130992591617
9.44749150676104
9.42066058273701
9.441535012303136
9.553335035645137
9.555100453005146
9.601008418008757
9.655425625622284
9.681243985475934
9.646561171522793
9.609210284867265
9.566646140463899
9.60693556675692
9.652535172108147
9.533991504837557
9.569370364179939
9.567106625999212
9.413875206213872
9.396373262984646
9.339236284715978
9.415767166145372
9.454752650205618
9.365576974618309
9.325543213380264
9.306675707577064
9.300596921572147
9.231727663967659
9.217047360892222
9.210518798465062
9.205205153070448
9.071524316384414
8.964926328265609
8.951522692833823
8.857050833161916
8.861108034522235
8.916611793343078
8.940750225314854
8.906405856757408
8.832473104036282
8.940431526605437
8.988967416023442
9.026568732930732
9.051545731045104
9.042980300453141
9.119394626244894
9.113243427032433
9.028942589440465
8.983605399599496
9.055290789631407
9.08215917128699
9.016418752813989
8.943228796482623
8.957009515133562
8.990344159452809
8.926475444730785
8.750526166302347
8.82021614288062
8.892257018621942
8.906566287670799
8.851121427260683
8.85641011801006
8.862549709746988
8.880431509572107
8.873361760742398
8.9516291426424
8.949609907422905
8.933098806480468
8.907765315287165
9.056607554594747
9.043110496886992
9.103473329083833
9.135256223933869
iteration 6
8.982633797258455
8.617135228990058
8.68467716051107
8.457002221729766
8.50781037439833
8.692611498153937
8.770812919977702
8.640457810202895
8.692391541289327
8.670208672371988
8.751072377897609
8.786642043937473
8.759683925577903
8.707837180892684
8.656581673696206
8.690496392211791
8.705151737627489
8.700736367631071
8.74677232815879
8.687105352474724
8.705839566970972
8.660096913772538
8.600705801374893
8.481766673558575
8.466037920009757
8.410574183797953
8.410802983048166
8.457679207654284
8.648872496194427
8.809434692832287
8.845297339260028
8.879307029938868
8.913321240900743
8.887597738362773
8.864759531417556
8.898677127216443
8.894483821879318
8.89299855203767
8.898389401536305
8.902329874732205
8.934221411033105
8.891260209157927
8.863614993761898
8.882639322684957
8.874531392420485
8.896228841584113
8.91188692511991
8.895061677369988
8.889403719266546
8.856043484453437
8.85316261867486
8.800702237246414
8.899910135937784
8.904062740537437
8.88130032376872
8.885604362855542
8.89389606870153
8.903477349873528
8.906019512090602
8.894955807431534
8.907600182377067
8.915136280701708
8.886713734735407
8.918408650998375
8.904934651930668
8.887381343694694
8.844330457913722
8.834975232574658
8.83528745127632
8.900829487448933
8.985235986094285
8.992618258725757
8.890226664309626
8.908202300118381
8.888535151155533
8.961763951655483
9.019278699827593
9.068263928035613
9.023220553088859
9.015630604549653
8.93713082709017
8.935692932597197
8.940313382153038
8.975268991371085
9.03311702197282
9.038455871673655
9.017646853381374
8.961966205740723
8.919041644151857
9.054763149790592
9.081465962912782
9.216919953265652
9.193970252633195
9.204523814183677
9.204966204949226
9.2237176074031
9.21166505096851
9.225626721655132
9.209888258952171
9.172763664532749
9.161659430589353
9.236788747058537
9.320317513528158
9.296267782791228
9.287489215860127
9.272556572526307
9.256902937054706
9.242265899410484
9.241187766182989
9.165487513471911
9.12163670294656
9.139893292570234
9.16113771581036
9.14985095849848
9.133185083057842
9.161762308369742
9.18259794548494
9.15028703760164
9.192265463393761
9.238290665060104
iteration 7
8.971572847212352
9.16045392853835
8.754232879516023
8.952037201103547
9.045092216463235
9.082760774969612
9.141794231880363
9.041165812729261
9.064625768996851
8.991867469841173
9.014142328407651
8.963185829983992
9.036391405803936
8.964183091809188
9.042255575990092
8.851044850672999
8.865248246635735
8.809063208483877
8.664718051284765
8.623806246284474
8.573395206203863
8.522289582226126
8.641535875759159
8.707441520512054
8.782465239918716
8.707121218873649
8.784171923599786
8.812374655157496
8.735147768315498
8.67398385406203
8.704228923372193
8.791456962378415
8.780947782124263
8.776451765828643
8.780222715229993
8.665240336931598
8.552652896821655
8.50711206308153
8.666106030990724
8.761233344828584
8.727773957472252
8.746997309848421
8.731855778298902
8.679877768386211
8.75388402944648
8.752157580346484
8.790922570112052
8.91322420873489
8.775376414150346
8.59009218876668
8.694385685041688
8.793227751229715
8.859790165194196
8.952199179100877
8.92014906254072
8.856900910122754
8.945114847676889
9.05231124267349
8.864133091558315
8.667951478892872
8.886923676439594
8.876088260808215
8.85678799199158
8.846127540013663
8.947243054418406
8.894739635427728
8.807966735822157
8.8515324299689
8.906309673032036
8.885777428699804
8.870288692721209
8.967810177085177
8.973465779675172
8.848441698605997
8.864304578171293
8.866386769528898
8.888496384877119
8.781870855297221
8.832085041232233
8.911990129704916
8.849345393587699
8.861082262579469
8.854459889461411
8.78291607002194
8.89819578485578
8.906752545611424
8.946113469463002
8.85306511912122
8.692715643300124
8.721553028781274
8.753096740886347
8.72695107616931
8.656775565297435
8.733930468337642
8.706799705395348
8.77586940014244
8.766588517586948
8.726922887667843
8.657807056459703
8.754049325968587
8.77756541288509
8.674322616851077
8.603882560349662
8.650895169524333
8.695657074344245
8.73220227644389
8.758623897633434
8.85027504204998
8.907741888061063
8.941406595004027
8.90426548814892
8.980382027770764
8.87583622736304
8.962651813717475
8.888025318848335
8.866006261834917
8.824813933646118
8.817073296399506
8.802966518954923
8.886081878248131
iteration 8
9.058159557533402
9.029753261538561
8.748288449886237
8.6847603248825
8.563543730176661
8.595992528126272
8.53181509614489
8.565393119970258
8.928094415425727
9.07137121529409
9.042209589922237
9.09975029465868
9.183422438705799
9.096243481399595
9.098857337788175
9.02583625741594
8.760003312229408
8.785082456755855
8.861416502649995
8.907697023634732
8.759147305474672
8.591528543247891
8.675540419020233
8.781814481911274
8.755525854777977
8.739680695506872
8.789837119714123
8.748369596269363
8.749715782765163
8.713223708514727
8.603511294599683
8.390597674491808
8.434510631849294
8.50093284283026
8.593995206035125
8.626654633519168
8.415741027084406
8.246605171196213
7.993521227223
7.978189251991993
8.027443676382187
8.031870677434084
8.125686636770006
8.075068457617649
8.108259404299524
8.179885794095433
8.0907186406471
8.095076387219398
8.083129120436851
8.230053542057759
8.2242387366025
8.271478918703547
8.28859543631752
8.274782014342424
8.262235029343671
8.260262627781962
8.192325913956335
8.182769248525002
8.200160693016924
8.187674749835068
8.114202036487782
8.06064118050937
8.031622688420914
8.02526267757098
8.031593836867255
8.020833901266654
8.012595878755954
8.029249676949407
8.026437428122978
8.066081820638543
8.124156234343868
8.131823105520033
8.138132872591314
8.139395907158981
8.147075509832908
8.122735742719673
8.177650769653129
8.141164842089642
8.187193771706777
8.194327384721348
8.092994213233284
8.205007897918852
8.193062188344042
8.226677599226923
8.182244534287294
8.157452026134509
8.245422507092488
8.343229143453032
8.398278465878668
8.263604588493997
8.205598509253036
8.282892503124849
8.367348361623687
8.38716675810806
8.30247330067799
8.312080365761922
8.31735259283597
8.283418983208906
8.28314941517458
8.338766411618549
8.303938602574867
8.32176827427731
8.304984440837302
8.338793011165366
8.31613243350282
8.325828115059844
8.39230267376123
8.330418758191211
8.377399110687506
8.376255760077402
8.378822851370682
8.38852111466647
8.461983737053206
8.510632466099418
8.476939398098676
8.461542416106525
8.499391533289238
8.480997557191893
8.370292129802637
8.419179493065064
iteration 9
9.049823170515122
8.83120682890144
8.542482490728156
8.807895867910405
9.277152108140639
9.310464020138827
9.097969395171578
9.009978168983503
8.82529692356425
8.899334848896274
8.842355073750435
8.951600199498214
8.997474817512431
9.030554366374227
8.942432906398995
8.948959256718663
9.074469370528318
8.897668030126608
8.747513426094239
8.91469809059511
8.912011504503639
9.081186033585386
9.171350578434494
9.078261058967987
9.045753865286503
9.138161897326551
9.200888636097126
9.17035655215763
9.11862933725061
9.017055937129156
9.035216521217114
9.061964416967657
9.018817052574365
8.997119683312464
8.874523182923715
8.919735725175354
8.956942487772306
8.91947244397123
8.941168854338638
8.940126605646363
8.93650385094966
8.924512604379002
8.847239879074268
8.914629232645629
8.88921408459488
8.881197532341497
8.899392258258528
8.847357342683702
8.966693513987938
9.095127654721571
8.964774871326433
8.79961587622913
8.938681823701815
8.994591008459462
8.89470032400397
8.758127657754315
8.711510158314239
8.693085263181136
8.91694430426217
8.959001181030242
8.94815789378082
8.980918876551211
8.98848487770267
8.928679288195452
8.810141945762254
8.621439942164121
8.671706605756738
8.656405190416836
8.732773435144637
8.83537104503685
8.926752077512656
8.981639488290469
9.04904785266801
9.014858892651404
9.051783081749807
9.09904940884997
9.071779979015583
9.102943191114091
9.058300126924356
9.135025576379263
9.130676414627821
9.08782881008529
9.139641973137541
9.17115672886424
9.192474279376544
9.168376160140435
9.072178124769358
9.121171377262241
9.036482143337809
9.067584179961433
9.125653740806733
9.200079959429523
9.10713009806759
9.153286236391706
9.171480867933647
9.112271574672656
9.113983917995375
9.129693683320786
9.171832980767798
9.187450381008482
9.171132504506199
9.185675704344243
9.179707868423582
9.195276625954822
9.191382107092407
9.164252037372126
9.161584097957435
9.17156272595986
9.183702818613106
9.173905908940993
9.17935419730311
9.178332328429534
9.177340270716863
9.189840748685974
9.170897385229004
9.193057342828645
9.171551831293144
9.1812565725089
9.146522678967148
9.129214190799544
iteration 10
8.95486969478384
9.019719655031047
8.991602371818313
8.954800954412399
8.987717738924266
9.141256846871716
9.143882782489058
9.169798738724221
9.285084872653599
9.237812504311973
9.223218708248366
9.162876873073136
9.192745733819097
9.109936659035968
9.05055317155377
9.025638326661095
8.915416449225832
9.025161913705405
9.024169882839088
9.045855187180546
9.060707795185795
9.111977103489805
9.200653700336073
9.196211087716414
9.135105511901095
9.1123148876948
9.164287832153597
9.195344332801142
9.13294123584227
9.203930884809699
9.186195318534205
9.212066959128482
9.257640145901101
9.247323513177578
9.144182493275215
9.07047325971244
9.163766393963785
9.229212289536399
9.239894897235276
9.248885409359225
9.218047982361098
9.205517803757607
9.244240146953395
9.259825457213589
9.23860909243861
9.27042945484027
9.246440309905473
9.203715693579237
9.195039250440432
9.19193794253896
9.195598751121189
9.202956940173927
9.116403800207324
9.013579060384751
9.107239693299089
8.97152636212578
8.881996573300652
8.815882692653556
8.783137038407302
8.729412759399835
8.79466018078191
8.786049110307204
8.668016520648997
8.724613141098962
8.888849308999792
8.9836258888833
8.972109235764178
8.899203125831233
8.895404226941137
8.905791307266544
8.918381604678071
8.811473617805214
8.903780232845607
8.886976940257636
8.931008789409965
9.057347180139523
9.03632445602262
9.040650518323252
9.024317926627226
9.061697192100247
9.002173959429
9.007497295754455
9.125388259922197
9.306919046346914
9.379083241411516
9.207151826822564
9.209103598320958
9.072403463007307
9.046571518740745
9.053203752944029
9.09447956818638
9.124975368360454
9.078975023440421
9.18231456971116
9.240222439788408
9.303759483926656
9.317958477332018
9.14153596744802
9.205878193969944
9.344306086444277
9.390800322122338
9.43251014316718
9.474291595640805
9.427898053888306
9.450658446127312
9.449041362473322
9.536195895456048
9.441517933346825
9.34575585256552
9.30363503182591
9.2174110357713
9.163577148049157
9.142541981668865
9.189245309566662
9.357418008386015
9.330561776990011
9.232959751734267
9.101254086896263
9.111655260668282
9.154481098765194
iteration 11
8.752753472197586
9.121173478285804
8.927588949198352
8.86167233856588
8.804230423915522
8.94746047826814
8.885025552192376
9.118870000310187
9.156090178400667
9.13190344404853
9.066815915079399
9.216462773790752
9.308324227266393
9.258568208605363
9.313794513906066
9.261279038973964
9.302577546217469
9.409652111716584
9.41821004313017
9.356607801541504
9.372353094045353
9.388826376888433
9.369219040729902
9.399795388013072
9.40400278998337
9.398977858741299
9.426017021365247
9.383741000555382
9.310751267544383
9.273095830092752
9.293520699036904
9.307397364388159
9.256450509556549
9.111770524340713
9.112928584957714
9.116596232470021
8.91853197808135
8.948635737361077
8.8936904331011
8.696471837891604
8.642665772318798
8.796310930862298
8.673259466913914
8.758979316688636
8.746168613335017
8.911227089421738
8.936189906297336
8.920633082497675
8.940011267501554
8.989236466425842
9.00756747869001
9.042957966318607
9.041125563676228
9.017588070212613
9.02764916895698
9.032422591063543
9.029814489565618
9.040729096044704
9.022883475504315
9.052405339023501
9.026177376554687
9.028210060870585
9.02782650629549
9.003916257372133
9.043241919472244
9.013403469807354
9.026625560871777
9.016614125404676
9.016031694195798
8.999404551557898
9.023830662572555
9.08547241781451
9.036463673418721
9.037686795348655
9.02807098507979
9.027977049474748
9.024575306943982
9.030951558320247
9.026811164141215
9.046718966932863
9.019874722375125
9.036779860487432
9.024017258510158
9.037413558849726
9.035094094065144
9.035638002967863
9.047942325928062
9.069106781597622
9.13802484267701
9.037126644434771
9.008570636008733
9.011823025767898
9.018447735844097
9.026508221562759
8.961507385428328
8.99898918928814
8.998406267266706
9.026196513375666
9.01953272422858
8.970585347083185
8.976115943296358
8.941425379291777
8.966741991334434
8.887810699603353
8.814581764235184
8.86581878966698
8.865066800827568
8.836546509130816
8.742247232756958
8.862846030106242
8.867395717586298
8.830825279706183
8.860612907515321
8.861513218558837
8.75673009676682
8.84072291463269
8.731688765445686
8.62471984328994
8.545338081986449
8.670199125092498
iteration 12
9.202535599778138
9.279140359422785
9.252481209033803
9.080346197693403
9.06506081476246
9.077469208607452
9.139356396037766
9.136325997615778
9.123072878822933
9.134211751579768
9.044242843050359
8.988351090392351
8.86578990811027
8.943721794273864
8.908244445940829
8.800295546783124
8.838516762527512
8.926538083427124
8.940501703412544
8.9094828643008
8.902605431026366
8.788926646630026
8.805611006027316
9.002693304226908
9.06283208144154
8.994629683150762
8.77588565907648
8.997291673241852
9.037229872798505
9.052696679324018
9.06476005117173
8.961945142970244
8.96864188433764
8.928598639927984
8.962633120526503
9.077494456805955
9.22760211752172
9.228746203846272
9.126675631597548
9.100638801100365
8.924236816625012
8.907815839530388
9.030849314597903
9.016404628498414
9.08723234176144
9.133854858089142
9.133862411746609
9.106328162886063
9.046335691536198
9.078547552740325
9.047353647803742
8.961267099847644
8.965272079142478
8.96588825834485
9.078264890213893
8.941348094851008
8.979134916781517
8.969740560274333
9.039943965383422
9.060616555437688
9.08404472651183
9.068103617962283
8.971947755298547
8.916010220275332
8.966506812037032
9.04644180928402
8.96218048014776
9.141312652190486
9.082957751440974
9.039025129642244
8.918148523937115
8.907665711929473
9.005680819003507
8.997154847997304
8.938058491354866
8.740258673346638
8.823824883075146
9.02105357633175
8.97722927338378
8.988080809240135
8.987122481263373
8.96296918424988
8.96622136423187
8.970873507162773
8.975389983939571
8.99218070030844
8.962987470305332
8.972029725616107
8.975234076090699
8.974222353734266
8.992402581922528
8.984758450582563
8.93200972469288
8.969060962477746
9.047247729585163
8.999744986974566
8.964267783212627
8.953448976636068
8.978076686474475
8.919887516793953
8.962441979398482
8.938433662644638
8.80134118960028
8.777825656687071
8.775055515363595
8.695287085555215
8.590815743543118
8.558264261173495
8.53408850290254
8.578730472065056
8.611013525565246
8.702265247590802
8.720659355321457
8.686595209554476
8.560420103710765
8.62506429763744
8.67811465328523
8.71902785273705
8.613964800010928
8.649309071041067
iteration 13
8.98691542731849
9.207712716957605
9.189989387074858
9.081695431093323
9.001918817323041
9.12006545398482
8.931608346290973
8.824557573512733
8.799965852275996
8.940070132824353
8.971645736759243
8.843804901434256
8.901069177681068
8.955100274152596
8.965603963692772
8.907403788145086
8.89798659490176
8.805289975674238
8.778621443857366
8.756384518897491
8.8604942693252
8.823909578157776
8.777032245452771
8.924490957282584
8.886235740747203
8.91066774836363
8.94899898672032
8.913820260526167
8.902201240850278
8.905642855912031
8.711672190701167
8.726434668603954
8.749524466528605
8.8026416211336
8.789762191457392
8.753267082826827
8.7779203152736
8.774860102397119
8.821371754234432
8.887330636686203
8.910318538587752
8.901020428393371
8.890169862643937
8.922802607011555
8.877455227290115
8.792729682261704
8.836804200868867
8.809918633573139
8.78445966630488
8.677054850936123
8.637580083002511
8.697163371991744
8.706190284792722
8.735327029179981
8.681268388208622
8.548043657902797
8.696531540541185
8.694331650459091
8.692757675189302
8.750788546870876
8.831934018393497
8.912789817961539
8.897122905965597
8.931937620740316
8.922841877912823
8.938645999473799
8.897828650413787
8.923233854934868
8.955211650724282
8.914129862245153
8.854981088625319
8.88708814769935
8.930436408001066
8.90973523488371
8.925482192333627
8.919154795615718
8.92730182991137
8.93960007225264
9.059331133057931
9.008059057307614
8.9928337471202
9.015872581998826
9.060298213696903
9.001164595896894
8.975522799266294
8.983454756149426
9.020890626528209
8.983031222843069
9.002608251284286
9.032555959882995
8.978690518514025
8.962053728347831
8.95912193097175
8.93934115978758
8.929723025298568
8.955085680297465
8.985486254179698
8.988159937463706
8.99939159710108
9.068349387259074
9.03784834265216
9.010152211727823
9.02597147558305
9.014709703891736
8.987122274053412
8.967460310360513
9.001344872282374
9.028138765416049
9.050926860261681
9.074247969260153
8.856006932567395
8.872926246371318
8.755761592019622
8.772849862691785
8.75207396643228
8.98451644088182
9.132817673798497
9.104831769515501
9.120136038074612
9.087395204032266
iteration 14
8.872190853387922
9.076609916370066
9.203914026190652
9.086236660578235
9.16658001824012
9.107900607449988
9.094435450482683
9.211037852518281
9.097012640096386
8.934321367284497
8.893119358018664
8.967459929103617
9.175657562143607
9.205681879282778
9.183517144257367
9.017286291351258
9.112675823010575
9.087491681497353
8.885556915242468
8.462070608427334
8.432180857209266
8.584346760522438
8.65580663086353
8.745804784053355
8.812436175006457
8.926314982052972
9.01769857700874
9.26016025692142
9.411297036347158
9.238892857797545
9.192428061066607
9.260125501392155
9.127407827853167
8.893869915050182
9.031620511466057
8.964340951020597
8.87961746750468
8.985678431368644
8.934449154069412
8.845771255355531
8.846063535157459
8.83029296117759
8.80466728319202
8.691827069960004
8.602519567042771
8.604103678898584
8.57310922881838
8.527125940151313
8.58980067616348
8.70229134620319
8.686368467653447
8.591224278051888
8.559264788274582
8.624805431440167
8.62961955572742
8.674663901504765
8.64836628456323
8.646198832228201
8.717867430201775
8.634692152658161
8.792787985710497
9.08626084824029
9.06826872349128
9.038804360295652
8.942964529603957
8.964993678674409
8.791346403305427
8.774634357155339
8.784094394043201
8.874132649424075
8.830602873431065
8.825666424925293
8.925469893945216
8.827635424809683
8.797763818744206
8.698431803306288
8.627462908959227
8.453348434493787
8.499903074882573
8.508203738844978
8.290019717024334
8.331257642188756
8.310151146622728
8.22996976964654
8.308699296355847
8.28234215192458
8.306803910687652
8.259852820395254
8.262166752960425
8.230141468370833
8.076742979859429
8.007130706947788
7.98675551404842
7.966258989003708
7.993450704264218
8.045832548202252
8.056939851769888
8.072291661769919
7.933853296196491
8.178725649154307
8.11468433147268
7.925078030629412
7.927326008481588
7.924575682556071
7.962830967860824
8.0235585842714
8.07598916364666
8.017477428809089
7.978381081650623
7.992726104091093
8.027358182609873
8.166924769815655
8.23261165130767
8.282193476047766
8.135168699692322
8.215039852306273
8.175339713766853
8.15563490678862
8.10713035083755
8.118571098323713
iteration 15
8.661026194711356
8.823538887834292
8.832213945127258
8.796154390641133
8.753775343825952
8.69749451617593
8.965269434810363
8.876038594674055
8.890335467887066
8.826515175312764
8.851164789759197
8.667330590638658
8.508365213198468
8.57688858342903
8.620188969566195
8.7091548799547
8.67721791882456
8.591415168564502
8.60855160800007
8.522549624451948
8.539229579535363
8.726610777917807
8.842855978629318
8.830516049573646
8.850764836109128
8.893201150479422
9.041545087029906
9.116222885299118
9.216054282810127
9.208882917767014
9.201399680583782
9.277010454770597
9.256632354213322
9.216351994046626
9.216594665578992
9.113517390372296
9.168904240771596
9.122615211510222
9.056444177343618
9.055014821274387
9.093432275169187
9.0790187674161
9.131692373413856
9.058139429868215
8.897745962494568
8.92453316307017
8.97906779387444
8.99875017725032
8.998602100016575
8.941341396133458
8.889934067655647
8.81909412445009
8.845025751093978
8.678482907734285
8.621920166173595
8.54559140330315
8.452634908883907
8.286150656003775
8.228006190723072
8.465270499588511
8.295665810224829
8.235979295671353
8.386733654286461
8.427872588506773
8.407635978821883
8.300325447783392
8.232715112681497
8.462741893991597
8.516716783258136
8.6405740552192
8.74956166751808
8.786929979623444
8.88347894317092
8.956781910810294
8.93923919351525
8.864275646068657
8.824796456045455
8.781608236558865
8.903091448972754
8.821394021204277
8.851001628638095
8.853135050279834
8.829483074050835
8.886211150349311
8.860358204114576
8.797553224227103
8.788350111074408
8.757005983688572
8.787604943447423
8.863752414647303
8.817635257482635
9.007303978328595
8.996428889096112
8.970654391363842
9.008419600333763
9.022193848688831
9.065195101601393
9.060100033163664
9.053853185915173
9.022283490223433
8.976218562110756
8.95739307602626
9.008744958136191
8.958201187450351
8.98996348543016
8.94046464809727
8.916517090573736
8.90237386987112
8.867522279417779
8.870971307193866
8.926615870977228
8.938905489386368
8.976202997452958
9.002621278622057
9.086315012917629
9.067596758345017
9.022956723569152
9.050621591552362
9.03799005444676
9.050886908521289
iteration 16
9.165426961713917
9.378308926457024
9.29329825584416
9.418278813806012
9.304376828031328
9.307371754377044
9.172688701121995
9.151857039852873
9.13198330714122
9.160136987446887
9.104661970825557
9.052539311514355
9.179716595440834
9.134425607024973
9.059397396911946
9.017358100597113
9.005556029014105
9.113345322371455
8.99675311629307
9.007948498838687
8.897940020006077
8.97574877304535
8.914369768673708
8.899085435812413
8.895641105336715
8.854627506183267
8.858769818848002
8.813503473307044
8.82213017434026
8.775636488953337
8.701310434738579
8.873721793458722
8.97450435751369
8.8836820204372
8.926751386952525
9.006283381258754
9.068172786998005
9.043435053770956
8.942176991060853
8.865707809574674
8.962683598843293
8.99448920949893
8.887903455776323
8.880565288409565
8.883000288552353
8.976000025311118
8.848967687709326
8.857882070544703
8.809288617472838
8.782304683505734
8.663518984357149
8.648136039061482
8.694960429146292
8.718995740999635
8.752237295985664
8.712554683225568
8.62271855044832
8.648294201290906
8.544456358890688
8.417681521539087
8.328280337887863
8.268747177493147
8.208566840324682
8.25336705782635
8.055214674764075
8.196163983060616
8.384580255456113
8.343504474812244
8.252381434591591
8.044001380884978
7.967203738884936
8.054871440119348
8.020347527474065
7.992704914344294
7.989243280745229
7.99031882211101
8.056945251098636
7.970550016603194
7.93480917451067
8.01620005313845
8.00369142804535
7.964652032714477
7.951442477649084
8.025132872946019
8.048215151189224
8.153323802840436
8.105482758272768
8.187957813716348
8.20866329004449
8.120836586203968
8.192767683102112
8.24011297308611
8.206353717344566
8.31542146686926
8.311749398147642
8.322133823615074
8.284293611199674
8.37043753828971
8.384757089469005
8.40486523609062
8.39147857227203
8.324723933295655
8.34446500323012
8.415616562205958
8.327990455290351
8.401561906455406
8.449520700083982
8.453296152934342
8.44725917739063
8.482877162328267
8.478838440138993
8.432051031305031
8.495113637264526
8.538354689295879
8.503619733818873
8.530506693940692
8.592966141241192
8.515872835556594
8.492024631433882
8.43160004092774
iteration 17
9.063510300485085
9.315992856613407
9.087175271455429
9.178231763992452
8.936751388271714
8.893091875649448
9.081763661625986
9.169065305340661
9.233100623972659
9.232366189518192
9.211042822138564
9.088036140340218
9.04641579229137
9.043360890079017
9.125097453924166
8.972557209262048
9.058779790606835
9.182734413967761
9.282514266239
9.261105226351559
9.318833800174014
9.308114436947227
9.099310874474448
9.044629212032914
9.177449129763648
9.182438049109559
9.043853329826584
9.038182610553879
9.073450239157172
9.15595953278299
9.217486173304826
9.237431502966322
9.22173582704604
9.189672033230929
9.210963468209235
9.224251281843678
9.232091504474731
9.266838654359326
9.145257455191595
9.045650311568009
8.936311218818355
8.824493026490696
8.718269379155473
8.791653585739047
8.98673378448333
8.908068711904644
8.861764222861991
8.836407616473648
8.812913830148107
8.696319183598606
8.697437540700975
8.873680251370848
8.917863335349038
8.850683822733686
8.86422753036639
8.874702074317405
8.839067767192086
8.835514391411579
8.992652591196771
9.069853824160319
9.058806404328333
9.006828745516371
8.990394313408135
8.851978336373262
8.887965666912088
8.915926806081577
8.943540134807249
8.963338659183366
8.993216268477704
8.983631379383908
8.85920372473984
8.832182725911101
8.875859162170247
8.876599765920783
8.942432490147413
9.03685180850079
9.036345931457054
9.076449500971558
9.046261820338875
8.985303614899342
9.017704895127274
9.003918942169385
9.095475068910538
9.03580296786794
9.088846506007773
9.062588467170567
9.005884892033329
9.08110648907521
9.141342569184397
9.152963879431674
9.155235287461911
9.175374756340362
9.182858410595077
9.121593074767333
8.99835628559512
9.045929724629046
9.048387781945355
9.067277474210726
9.080972870483178
9.084813095091453
9.033533189365015
9.076489035459103
9.167012795751653
9.196927093563792
9.155829309738463
9.123471859194993
9.1371544086751
9.16458765940083
9.191520918743743
9.208761162556371
9.203359282330892
9.157438741564642
9.20821251210167
9.233966701061565
9.185752811572723
9.119694995925173
9.00985151266737
9.020561099311934
9.04708163111141
9.078760253905804
iteration 18
8.987997173092829
9.320143992877037
9.277803248351105
9.054690641120539
8.932624337845988
8.86230446165884
8.594154844984828
8.5542258922246
8.600463562506382
8.586507772106227
8.630960760434427
8.53932986914758
8.527519523718874
8.643566614233592
8.671160486377575
8.582517483811722
8.640591572399474
8.65090855817215
8.695214656486863
8.679003715334796
8.627545681673613
8.672701629548975
8.674134078712783
8.642831369690505
8.65383279181864
8.633514206773112
8.588674681248461
8.62854415794308
8.540200783063124
8.499729307708838
8.632458886650664
8.680483398363569
8.686013202921671
8.683023015782853
8.685910025876534
8.611889156694716
8.59950915902165
8.625852199513666
8.51465297753853
8.488574508360095
8.504786068804957
8.856504138231816
9.040145587125515
8.915078133881154
8.847295543922904
8.846458651525808
8.981036175603974
8.898329053660653
8.848273634490287
8.926954839375995
8.861949702207156
8.947419890834624
9.055355442961194
9.121638740115351
9.10787837918159
9.171018868662724
9.01414380473795
9.05964010575496
9.070267141068584
9.065222614188542
9.064403853977637
9.062387283311708
9.098179705986286
9.101914123412323
9.088449187839112
9.079260871036555
9.087469079501
9.066302384259679
9.057971288253256
9.041282337508163
9.092334502874074
9.119816845870183
9.11482495425644
9.055103983361889
9.10081554750861
9.096934617660674
9.074849635682602
9.077211013083717
9.080040233544873
9.047582928726605
9.06740260125759
9.006238993319629
8.999595580317708
8.95470447445914
9.041402973990632
9.068220199570977
8.987430716426687
9.077413560520432
9.10516472559789
9.041714206673614
9.043557668974124
8.969317422460435
9.014583945103006
8.972150400313822
9.045023018514941
9.055775814314337
9.03705680434364
9.081075852775035
9.113850945982922
9.114769197387771
9.041673786928564
9.004990321847615
9.077982227228985
9.157605820125182
9.23029897307513
9.192018755500213
9.296513860328002
9.284770682002367
9.283086509383157
9.292146419638371
9.255511378726103
9.313487525958365
9.270262097274685
9.239161432752292
9.179435255208139
9.136689366837286
9.164208948955782
9.186404236394731
9.24793549678022
9.225843571984921
iteration 19
9.196594074979021
9.005745708857853
8.670669957147675
8.50834325946196
8.738501806606447
9.010600003822887
8.895431151294883
8.606619333628895
8.836829589257713
8.95315588534217
9.040068231756404
8.9032547497714
8.885998915218345
8.835721127006629
8.635510643095648
8.52588967250639
8.61840715113809
8.628950843981341
8.628207193138216
8.571514417550418
8.411991634240373
8.461893733750577
8.465121071421327
8.566176226813347
8.585189736513115
8.53065597832294
8.598577348961575
8.658618648564063
8.919997503760753
9.009229906695676
8.813809505554838
8.829220745477265
8.7412079423153
8.82370383301667
8.932052661793797
8.871568487076708
8.876587088347627
8.841932738364669
8.834314502744663
8.857844248018772
8.869259352992406
8.848107612959794
8.890304163004016
8.976181321538595
8.954288145152319
8.907894340329747
9.061026485377276
9.122280513206972
9.267361555755553
9.121381489071634
9.200720145525015
9.132204664668938
9.244907653951845
9.259523460726019
9.301245306334094
9.26609401388376
9.226390397014173
9.15833500441178
8.988945212601038
9.267711402215676
9.254631959767957
9.25953441566888
9.345302630928552
9.256393109548195
9.174988065428959
9.251606559192497
9.189694042150276
9.131262281150203
9.108465280359397
9.151933262681949
9.069848472165155
9.00004373490137
9.064344898269058
9.02167856850903
9.048971358087138
8.988459761103462
8.960569776863714
9.039126717993515
9.078062160118206
9.0595232848587
8.94782591861276
9.094726680498564
9.090036774925707
9.062249388158447
9.001324603061557
9.069992050636742
8.940644480944993
8.765881440622522
8.868268774239887
8.782210676006839
8.81570534799616
8.867723123577123
8.80445201855632
8.961643231784306
9.070222842535614
9.044249514676212
8.878594786195068
8.875594578961758
8.832300808171963
8.924346607243244
8.935626918994629
8.803539468542203
8.95198626276122
8.975280479368395
9.204410301631507
9.176613850081742
9.192394262616986
9.045473204946024
8.928622828989457
8.986266647503847
9.025342563311566
8.990199947071874
8.836659125265069
9.017349901501598
9.043963687354756
9.177219978869095
9.064957705707434
8.993034630039418
9.000032094197339
9.073910872508712
iteration 20
8.568095127815152
8.404026234852575
8.513472067052495
8.527292099826218
8.786554822724357
8.811046491835318
8.502832536925538
8.792697882953512
8.866293604935809
8.941907510910708
8.996384799844531
9.054452608500645
8.920096296323672
8.82921229686753
8.887238597506585
8.897654410369961
8.945556847370842
8.97566859158214
9.015484982372973
9.03937609145852
9.028887009238609
8.94625821993627
8.884705586875917
8.839413514142578
8.846404556508944
8.994682288270804
8.988803760488077
8.936474586910245
8.899741067886277
8.87268240094507
8.788590528493474
8.79306754956824
8.877904295007076
8.994365204011423
8.990408729369097
9.00785560618576
8.973484324086165
8.878663937076931
9.017427687609672
9.041558500024383
9.051764692699614
9.068535473166433
9.033982009750714
8.914788029035957
8.852092683225381
8.940441945760018
8.939037384337201
8.957658751019048
8.961083612164524
8.991874311899254
8.968565701226796
8.966874157402293
8.951662340790762
8.923959154871449
8.84493498930223
8.865949814818654
8.928907923870332
9.00085524584671
9.013729735929887
8.938972905071832
8.917849117227767
8.896065201768366
8.919751080917695
8.994018477046708
9.059969424234833
9.026574674051444
9.024482659542782
9.041147830664375
9.03283031696383
8.973791137073023
9.010145532759344
9.005341559877431
9.051803967082874
9.056548956576517
8.963968284840622
8.805327838983814
8.720233087029326
8.748470309426727
8.70615103817575
8.711964354912256
8.652622726972965
8.57367579727611
8.529000498921647
8.577299525730282
8.676898493010007
8.638183922773878
8.592656031617757
8.670349905219252
8.840572344554806
8.731629045728026
8.677788458197156
8.734961263978487
8.72008584959241
8.747916476861654
8.751765237052517
8.722293450520334
8.669931562546077
8.493736165620478
8.47028197359088
8.361390513181085
8.553734756802305
8.74653491056179
8.747212438731601
8.762809370640003
8.777132304925452
8.820915006668267
8.769263461520046
8.776788927845496
8.779453366194453
8.780476417998056
8.740659581332881
8.760295938008825
8.74907919833439
8.781664027566295
8.804991099453119
8.883680933104865
8.927471880793245
8.827161283511595
8.816077558816895
8.814634407708098
iteration 21
