nb_arms = 10, budget = 4
01:01:13
iteration 1
8.695379363470584
7.657990127524724
7.336360488663165
7.038722243071199
5.931078244214331
5.190896332571929
4.744617152728887
4.834837624417108
4.618525909156292
4.280827032972283
4.3758379432779835
4.660555803937939
4.193302795107308
3.5510882476324013
3.532981240537581
3.417562270795325
3.4813769511300934
3.3928362326027552
3.9683522472062474
5.448641479378063
5.639148970695739
5.5121067591483905
5.421378684125854
5.2134857375436425
5.161325411310136
5.525967601540243
6.840230298860065
7.231957146679454
7.06718145197518
6.819481600114317
6.730751720410795
6.6080688523644024
6.673009628412972
6.878387519313355
6.683921228761427
6.684765283804994
6.573721529352013
6.622405105378142
7.030648133780935
7.062296091105364
7.194226799117066
7.191447744169587
7.1702329487510745
7.480177179676901
7.286822834024166
7.536143440320948
7.586066760455971
7.934950951616465
7.948646884268561
8.05805097177549
8.094749612612988
8.020949013774764
8.130430430363889
8.136314104808527
8.123071634561546
8.20769582120625
7.948455206521382
7.669706867361777
7.729754930936665
7.57364361360386
7.617739971107389
7.6501954596533155
7.68193980019596
8.046347386559685
8.271082125561218
8.295780977086713
8.326627965158705
8.248598801303896
8.345407621996545
8.414598619825888
8.358225671353468
8.378483774117532
8.330702549434433
8.435618752074781
8.364876701942855
8.280163635758212
8.288851482232635
8.187147422043736
8.251441886644805
8.294474497969562
8.288810453924633
8.268106554449275
8.312034871873072
8.37191657308265
8.294909331922904
8.2978820876505
8.328136137175186
8.362527308311826
8.33844822595423
8.320230156485184
8.36236888424335
8.451128897682132
8.430204663712814
8.284096478011538
8.364040821614909
8.431174680851461
8.46214555149968
8.417660753582481
8.445557309066837
8.395884601173181
8.358673815240683
8.43474876190845
8.369254165769757
8.47254252082747
8.472170700202579
8.44727983701361
8.3673804083593
8.451821533363836
8.376498452036246
8.477067074787245
8.434533442173507
8.429393952492822
8.509950288664243
8.449628942718501
8.394359346545102
8.39567670706913
8.411916390843196
8.437138643148973
8.480690264723833
8.440687720524963
iteration 2
8.687192225542251
7.8991481329816295
8.000520492248766
7.179917845582703
6.805590139509378
6.470782765827284
5.075104537785984
4.807355752087511
4.716499517499678
4.406107306032593
4.129619690153928
4.178616391153511
4.55235971782558
4.559899813521397
4.527084078764979
4.807650067161639
5.216668945649949
5.068954801213348
4.75520344631961
5.327502275090247
5.602614839300689
5.7892611447318085
5.487138771976788
5.484878621517567
5.6702668670937895
5.758026509713961
5.771766979563288
5.910522998906412
5.9320014621818125
6.344827472464426
6.523987161289514
6.790562879226195
7.047026128069055
7.141842817315055
7.16136289573546
7.068974849952964
7.19105711621402
7.437878585763884
7.499479319155747
7.6167951161720815
7.745982255985741
7.770301400945836
7.598907427924583
7.507013711180581
7.564755219296252
7.4076710087063296
7.190732705845517
7.324171039922858
7.590908223977892
7.575999064280187
7.4880805489323
7.707138330915712
7.90407861264792
7.8138587620133055
7.937248262702894
7.86574046348918
7.783430673528192
7.831866150244431
7.88665832177695
7.7174328620926715
7.907186179111693
8.000881356376407
8.124987225546302
7.994277246268091
7.951501578682809
8.032555297515271
8.097021597324014
8.075510601583172
8.07190190539432
8.107804452025576
8.29158098637154
8.327009745450168
8.318222183869322
8.328276852363524
8.351811604680947
8.38831550529913
8.29618786392971
8.419825906526507
8.283658397995532
8.352006555358496
8.366209014096198
8.310251992586112
8.36479778037731
8.360574016779946
8.336152484638601
8.443096030775557
8.381587348347928
8.348664195523224
8.364342530571722
8.342580809236638
8.393598623506309
8.4656455239381
8.562333647845556
8.62628397797183
8.617203028877332
8.626865785283401
8.60195990662388
8.61060340484188
8.588330874640278
8.651509405494402
8.665219123987447
8.674989396643388
8.709158126441588
8.669348147450672
8.611748227774491
9.025822956072863
9.167411161107495
9.073082421712142
9.032712304969952
8.918741256155988
8.930322617757533
9.004934111942884
8.939309860547738
9.010831528673895
9.162468619223475
9.076527236276531
9.112457613118163
9.10881680162135
9.132375734475538
9.089084070598748
iteration 3
9.401420403424849
8.87618029922816
7.671548531770135
7.563941965488418
7.30631028087082
6.557165334062204
5.5560822705646284
4.728217860597994
4.643598921456693
4.914277766362684
5.628462974360734
5.923454383634438
6.226258058944847
6.6381751099935515
6.908335648883951
7.205831166406549
7.212812927337441
7.456220892874592
8.047526718398698
8.12912304803209
8.314128202168723
9.007391204408474
9.160218268702955
9.121353051557342
8.912134819342594
8.896852858215487
8.930779401536634
8.988141349852874
9.138260139885352
9.115088307548033
9.019763488485403
8.827122079115519
8.474253138625157
8.467473964118966
8.220438757100322
8.270224343218745
8.412114255836824
8.37435436240086
8.315362908350318
8.443420624362707
8.512241589736787
8.477913834913505
8.419061869850264
8.748050906678777
9.231107961975098
9.21466237765226
9.215110810802125
9.267287631029797
9.277077436150028
9.221342224863793
9.267594353716454
9.338666360142346
9.352475705724173
9.295457374998724
9.286571694689828
9.196758769066522
9.174241765044666
9.074528823237644
8.994895011115762
9.119724064151134
9.106181185333798
8.905320233765183
8.663843710556232
8.691963939892121
8.850393590335525
8.912880002393283
8.876121255846886
8.877719635626933
8.978389124630645
9.005430942137165
8.912353404373254
8.959906725620993
9.08259842331822
9.330510343835005
9.155710951243165
9.023427315219532
9.17065362643238
9.244928016978736
9.246399778401234
9.342713342912862
9.32344190020147
9.343171225923703
9.429692531739889
9.413728590018989
9.416672578658186
9.443984316496516
9.421455589874116
9.47205760983924
9.477027467027739
9.490474733335237
9.38014685441192
9.09971217281414
8.937231133504746
8.6830933412013
8.68400732808059
9.092419774170036
9.239935666549423
9.323138489826164
9.386153316213964
9.436332691332314
9.351527143717833
9.378538566369828
9.358633815847407
9.435418062350589
9.399765523133812
9.360872353932686
9.361236282040837
9.440541350196401
9.397962037988451
9.321463001597909
9.3021402127857
9.341438899259673
9.371379660457247
9.379470632693112
9.348891641868159
9.31791864027711
9.337453357078587
9.359500442333673
9.363664627084487
9.340090786640395
iteration 4
8.445075068672814
8.02098332865172
8.921187786382047
8.939767999321441
7.79009928096735
6.050831778622756
5.044997825533
4.517832300715742
4.952017352219405
5.1137999043613975
5.071124844844611
5.182117226434809
5.090781335790177
4.997751022713369
5.198896557872156
5.218229543965299
5.185314537109547
5.01582167917565
5.060344651251537
5.351868794522203
6.091186000578109
6.472597224147943
6.403062620039212
6.6291216085364315
6.859266366431647
7.263412793567289
7.275549408355984
6.965678830159527
6.893022205394666
6.942185510081929
6.911868260269195
6.891116424169621
6.899329508181857
6.938659034736544
6.934183324620233
7.2672935004132615
7.454359900071231
7.375515691676157
7.384679969102896
7.396149594353786
7.461084227799139
7.517260367775013
7.377811814720998
7.485807943235951
7.611074345945374
7.713546118590594
7.871613578749224
7.911304412274223
7.9192043483698535
7.86646128560106
8.022234317513487
7.920293103520205
8.010851355563604
7.977019249737238
7.911558785695059
7.587516109156595
7.3643286900234015
7.219873284354005
7.138910196095026
7.145501754047764
7.076395124676871
7.100495391612669
7.293647471105211
7.380605563482944
7.3226945681427
7.297841433625438
7.22069663515494
7.243403396617583
7.230545064820868
7.292530739162523
7.368766692352223
7.294529726070948
7.333373429049943
7.339903743710742
7.332280623870079
7.395463300261874
7.652063984442043
7.56027081085953
7.70002840730084
8.308360986748308
8.605431580882875
8.570492869713194
8.487115880861513
8.54972111120746
8.499827626789768
8.454360991518275
8.441003890141008
8.451431705384902
8.53920839055082
8.531499243640166
8.549729249168742
8.621760533249324
8.586857077407014
8.546127796773774
8.561291780514384
8.542137400154395
8.598561549987581
8.67498182946336
8.598527689665785
8.536253752388038
8.561775298191852
8.583371914354519
8.676110366406636
8.621873892349356
8.598080583935678
8.65535222543614
8.54282327467071
8.651473526308086
8.662971427938384
8.84356564218731
8.885304274054368
8.743422221100197
8.841179026348925
8.881020388724707
8.849072675880773
8.876917119905391
8.847902293241894
8.771959575797803
8.776755035252167
8.774137066410692
iteration 5
8.662082206895874
7.696321434323714
7.957715238345724
7.616607958622553
9.082228332049208
8.383014511223655
7.41075027485313
7.2918557903662045
7.754561690735925
7.498507187307953
7.405973813648726
7.467232080271277
7.569858090974236
7.617691015913767
7.535801169249379
7.77895080077989
7.904429602153584
7.922508926801829
7.926557737993277
7.9803932235682
8.111608678861161
7.994611475477339
8.022519408752261
8.081367954123008
8.0391888672162
7.922517866492338
8.012239323058333
8.197595212514997
8.324158898378052
8.437885620180552
8.295630434071667
8.253396106297762
8.098725005481604
8.090211581839513
8.209661611884934
8.239543187654332
8.16338584264736
8.15284101483077
8.308250139745917
8.297856410307286
8.075290965815077
8.198842084503951
8.279417484975395
8.200330894889897
8.235365195135506
8.149721617048032
8.097632765333922
8.093981124427309
8.075787336228597
8.303671331413083
8.150681779656844
8.078368178006698
7.960050578689024
8.119053142749028
8.00487359741657
8.132080300996027
8.168719473757307
8.097118082640932
8.11817706892486
8.045203392960717
8.19989152903154
8.345441765934243
8.308077568670114
8.41843926181514
8.331225919552942
7.737065860805371
7.384843779981903
7.371098282115508
7.423254710762373
7.409062633435107
7.41755645979976
7.398316838784183
7.435180632058322
7.57510046957583
7.728482325074094
7.864082652302169
7.788513016961655
7.7045874456831775
7.597415284712417
7.524783032895036
7.542040161505594
7.900458923255112
8.061546580474314
7.847970280014169
7.778379480280852
7.706932158346308
7.599973252045848
7.776328821157803
7.717990180983917
7.794427031022216
7.826454941507489
8.025860030993844
7.770679051562255
8.34401640143397
8.41603910445112
7.9097853162457215
7.931318106308151
8.00213490163819
8.001781728811771
7.958158878389427
8.179419992431129
8.449432203832677
8.65249869251399
8.488491712751815
8.6941292413918
8.642502243056002
8.745052647611068
8.944069634790953
9.076409610982553
9.16105488311983
9.150441717230148
9.197344341540557
9.182996467748112
9.239974647801425
9.261622740674376
9.304693890542746
9.332365773428085
9.293171504319291
9.168466864875647
9.228082968691357
iteration 6
9.03393178077362
8.043085880111176
8.09196026835214
8.590705755882706
8.130303109155772
6.926802542500488
6.874001881275712
6.494369832249357
5.816469663983296
4.821899557474606
4.63581420166213
4.335583882398986
4.920444667390238
5.2876706840792895
5.671115298984671
5.703702233074474
6.371396113947139
6.6025390459369495
6.687526753810718
6.7980424930523755
7.013277340624143
7.428933403944398
7.414144507951151
7.373047976186504
7.565947849095864
7.411655879020339
6.596601111973189
6.50149331083644
6.5883558574659755
6.548755277257004
6.392880299648751
6.4801825184689985
6.468749864273924
6.612227035475789
6.750569171712418
6.68772718784749
6.93165129561403
7.422101240129822
7.477472996683278
7.306394224629579
7.173267572909115
7.183487724996227
7.543901237969521
7.598321329305269
7.7615986313122995
7.656562855830624
7.232559216559244
7.215206447589395
7.6921169982684345
7.998198256769248
8.70851755757576
8.919034198704498
8.835963999161391
8.789124355623143
8.967799981425237
8.820312959705971
8.724024596718975
8.783907869869568
8.74476294297944
8.949657289955681
8.79643410427658
8.710872894571686
8.746199490804194
8.767389075723427
8.698967711347592
8.590828194169532
8.72091790923625
8.846841208712773
8.827388287877005
8.786618884623763
8.76757490705779
8.778010250947158
8.742133023711006
8.754587945331757
8.855389644029849
8.783869417408443
8.796837660069007
8.913074569120525
8.986629233741573
8.818104337059497
8.993082702238674
8.911756932988842
8.83268339413138
8.865172134754852
8.961848101128187
8.959830916103867
9.011057510383964
8.856752847584179
8.873555064779062
8.954935007804757
8.968533116715395
9.029598560182313
8.99358557493111
9.07409972043236
9.096789896938173
8.650302961986204
8.510488610071635
8.654221390787528
8.692977173309135
8.725226076134616
8.675662277975153
8.65356987763178
8.578567241346873
8.52861991647476
8.602595499832121
8.603543801035169
8.610682171022846
8.56596781569536
8.600091607219587
8.602381103371444
8.629742546180621
8.576279615885582
8.65604365127371
8.615060561795943
8.644117304011155
8.613070518888929
8.593632231733308
8.607645516388969
8.675482246947205
8.718181178385674
iteration 7
8.237357693385748
7.063283161681941
7.1515730952695025
6.602455324570617
5.151408885988425
4.754165864539016
4.248894357689852
4.162563836908617
4.261840250345136
4.067990263245107
3.9906313328318834
4.094963459857518
4.080393060376746
4.242475227698639
4.498164119268859
5.1723065600910125
6.400567292780487
7.77859757352889
7.942928163052182
7.814418576618761
7.895403954481617
8.047686549791537
8.129925212615191
8.032307239226645
8.1560883903444
7.981807468744382
8.310829262832467
8.698202844285639
8.2095154681518
7.944651496896211
8.445422668769769
8.209859197628367
7.970483199658406
7.969536007455091
8.085373358102627
8.106036152972706
8.212776905745274
8.386839757311956
8.304608420788787
8.348410827826097
8.431420769681452
8.224102136842909
8.19671153370476
8.311356446170633
8.333909470763759
8.47029222824598
8.328639450996391
8.46184346743283
8.446879628513777
8.520150596468318
8.407174022116642
8.596275543308623
8.546218010946005
8.638124792410158
8.816628198157856
8.860550571315718
8.825923829861438
8.65843898429736
8.586434960342427
8.700440815470355
8.608142007448073
8.670559620007165
8.639012817915633
8.813896564386294
8.796623022184924
8.84677157325974
8.895941833058611
8.79207303594171
8.894551818912259
8.994204564908522
8.96790870683702
8.90522090008735
8.986537440262296
8.965106999899152
9.03700396536091
8.954663915564662
8.933941443176087
9.0318087910498
9.147986182438348
9.19322248926856
9.16839480052603
9.170876897052429
9.165783159262618
9.163549720213995
9.14867749314848
9.179258870327079
9.184770446724183
9.1548825090792
9.166435011286477
9.425161229013407
9.461010603013996
9.394716551993419
9.377236364292955
9.361990568771908
9.354119396844878
9.361164506918414
9.425812549501257
9.481007205307566
9.359282549913779
9.459011680617612
9.365441627666767
9.304341237050975
9.329356585165453
9.266925245151002
9.296943940243445
9.290595878013113
9.31414770650298
9.335934168318039
9.324576138939902
9.272497840417529
9.315657853239411
9.306681126549966
9.37460524390155
9.34120416223519
9.296020308673468
9.283728476594694
9.247831945087867
9.248202867843924
9.345472824684077
9.364967927020228
iteration 8
9.058837285691665
8.384769182978255
7.512682121103577
6.987793459354769
6.8675580320845135
6.612179500796591
6.408390959348019
6.048213461193719
5.648535224987256
5.600874194471666
5.498225052701048
5.50444230449761
5.80820873644411
6.11174155860648
6.226558911951663
5.967675087722735
5.788575912704983
5.5559723115765625
5.792576848399943
7.056792734921874
7.387093010108822
7.422651634746014
7.432970128337356
7.608693045656953
7.648091432142693
7.549127357520072
7.587271632119805
7.850010294256374
8.402202912340721
8.448671780760543
8.360841645276194
8.395979431478308
8.389221185395629
8.45373699732133
8.649555426495816
8.669935487136735
8.519895118624344
8.598898861435554
8.637110859558572
8.397461646149912
7.8601902199498355
7.865718107187311
8.012042087881555
7.954721403120714
8.133794263538812
8.40797764046146
9.024498858176399
9.076255658952308
9.02646060909088
8.916149377724523
8.744943349932898
8.682293310214472
8.710219018843794
8.771833389881605
8.53065731895721
8.07148873020174
7.962359254756649
7.90338000768543
7.918633877276577
7.910784031469198
8.091692514793086
8.029741523103585
8.038262152917481
7.9084471010765345
8.047381939706906
8.043484421834378
7.962712122090677
8.35011862543899
8.345802975438389
8.325936940951227
8.405604340536602
8.36908727747494
8.386663587934732
8.350647715508812
8.3860268614168
8.43141991477075
8.403520518225395
8.458110334933384
8.454867775010436
8.45622521784424
8.48667318695264
8.346976188813137
8.30536681010389
8.341924259379363
8.328835018810937
8.309625626567852
8.394493160251754
8.370930428494619
8.39981255038565
8.476174894304442
8.454277347964101
8.43855942969887
8.407378900631944
8.421231863202667
8.370965767601714
8.397546133383756
8.559698253367785
8.501073347912032
8.551623394192305
8.459890458915309
8.484602238217033
8.512156469104122
8.503102278559679
8.701943407868448
8.858328274974609
8.821588985574937
8.79426470685326
8.94037806367442
9.284075664178152
9.438253727601607
9.31230772343707
9.276351973000532
9.231701649818849
9.268504294759813
9.225593454487278
9.306480207879508
9.286523581537955
9.118909462292853
9.251756529960812
9.367182377622068
iteration 9
9.035368248213292
8.622504604153876
8.222595270630746
8.099128459186508
6.800098709543073
5.784861714554386
5.763631800073176
5.621459774565441
5.831650310049452
5.231169474782879
5.373836196221107
5.182775702089207
5.0617808728959925
5.278820915831026
5.5221119973109944
5.322209386762366
5.276374093920965
5.44827182974852
5.91855630995473
5.962721713941289
5.9671119660978595
5.953159886428548
6.00703263392109
6.01782361162291
6.766458310928373
7.6886857919998235
7.812347925190014
7.948156629474096
7.767989608333005
7.942087935870619
7.8165180937452945
8.150849691003737
7.96135402609248
7.578530458007349
7.623625517350587
7.451491334030103
6.718140359463444
6.368933512437926
6.370927710023125
6.461751733438857
6.269291766589351
6.262771453628568
6.335272738892604
6.007183037576221
6.005053823049971
6.181279228648171
6.200903930782994
6.04230140123949
6.112706599869203
6.563044838825133
6.797610258188226
6.80843919151081
6.628054613582308
6.759201040735669
6.848545071835271
6.8785284636463935
6.793370645017941
6.78379035599138
6.799872947635749
6.891430209558197
6.876484435609353
6.880163897443545
6.964567268335599
7.535037549819046
7.661268500725822
7.621782252652314
7.601135060577484
7.637394567901423
7.725059175307633
8.102069461140978
8.171120778760805
8.292753922483179
8.464390775029768
8.596216480529884
8.501559396059985
8.745808113365745
8.624577192505743
8.489626686212823
8.67571006188626
8.717274016465712
8.747164501466782
8.53828827999306
8.449416834877637
8.613259649321535
8.86447704830342
9.470798278415439
9.515378859285438
9.500537817563144
9.415800860558312
9.364845161417474
9.350630116052548
9.356676273020536
9.30169210968051
9.398465436062763
9.436281069021508
9.318616641061144
9.328097584467118
9.228730575447257
9.322414886746932
9.294130777817882
9.2496619372413
9.212777836709474
9.211685557871162
9.256072256467867
9.19298868542648
9.188651061870987
9.289172527557637
9.246502340729643
9.256119449927589
9.305370948979268
9.33513139989145
9.358617255409449
9.358810252841804
9.335334205103377
9.409193844834089
9.365315984828591
9.312891224227501
9.301579060942293
9.229555435306
9.274782094723733
iteration 10
8.86796591359692
6.696303756257231
6.63614231732931
7.512666305579391
7.333008838624264
6.253905195415619
5.5525277195968705
5.052716441354619
4.960924447038657
5.24948754366499
5.866496858585244
6.254024469557893
6.335188271806254
6.619151650122123
6.902766295255043
6.768858873989708
6.519375060228782
6.026913196538785
5.399153366508999
5.2847062459038785
5.6342294932552885
6.125961969406355
7.046666271958792
7.065215482137482
7.106242849598296
7.132533078192183
7.128317272403271
7.187239839590737
7.1815688685523265
7.177934604320071
7.4426596166332555
7.547760767491631
7.182527455211138
6.606675467752566
6.467385784110263
6.436403515665864
6.38551083114472
6.201953693950253
6.423322671935548
6.437336354724925
6.423506325955539
6.424063248421099
6.5817929285091745
6.4997482047000155
6.561382881800808
6.621868528569735
6.6926711318603465
6.698489912713073
6.74763539120221
6.964647952791699
6.803392284792945
6.724099024140649
6.67008051435166
6.698130985245577
6.919217638097411
6.981933005570619
6.682153119091684
6.670183898409971
6.660981850707982
6.7492388912401236
6.697495290731972
6.534323798852594
6.603288348385303
6.79317112448404
6.760034120963078
6.707991325337223
6.6235032195461985
6.642128885443879
6.621678924483405
6.768630890266642
7.116397291550992
7.070508749799704
7.003930620493367
7.188273958396161
7.251814657265827
7.2813917491044435
7.253951008077076
7.271063742875219
7.280959092785654
7.267892980563622
7.482795050262448
7.627047999010822
7.655884359463303
7.534733481219185
8.04051215783136
8.175711008286958
8.283680142120408
8.241320220820601
8.18740677769585
8.373609615498667
8.402400240297325
8.228200279131302
8.141895778803802
8.132793714389875
8.15846347523855
8.154169293140617
8.105751157234135
8.081091776432128
8.067879004876481
8.019692933329848
8.159438552847249
8.207239375206255
8.100593510393674
8.180931961322361
8.377420028680596
8.368578506643795
8.265608616093903
8.21833464287324
8.267631593660138
8.30820451381934
8.376432161468191
8.39435229536287
8.314092706253014
8.569533827302187
8.735369418683337
8.745380247763133
8.714649916095087
8.605317091131683
8.676442459326326
8.75355488811287
iteration 11
7.855848977655147
5.1355945160803005
4.498234148655868
5.061734551122612
5.036370429559638
4.332620595027219
5.207058454541942
5.1686410037665675
4.120634141306802
3.2638373542680643
2.8143037902468597
2.576716184962835
2.6972762050745063
3.1746886570950665
3.736822443777709
4.18506615969516
3.9777664779365143
4.172449957298834
4.11738123894284
4.3884026651653985
5.0390539378500145
5.676287844897042
5.737586130102308
5.855103321258889
5.4406576890846114
5.273078538904428
5.691483087306132
5.790226438769159
6.058320878325973
6.276358825854791
6.358426111314721
6.392879527588337
6.415562047000761
6.329002643396483
6.12163547425601
5.783544518029049
5.565305742960536
5.624718536821074
5.898646380427478
6.201173834843779
6.445960616726622
6.404888193975378
6.3341140475090905
6.4812253032695
6.389374765711626
6.492175546708429
6.633518948220983
6.545055229915218
6.509067215879753
6.399886527429263
6.374591387216841
6.51426406486718
6.573112022202158
6.731136280798238
6.723604216342569
6.724792004657951
6.867833898709357
6.783404930420277
7.0479956773467185
7.134346683199271
7.6630579371732255
8.276379983517609
8.301946627746371
8.199711409944875
8.090854348043322
7.981138407809059
8.292736358968542
8.271274889725255
8.319711022265686
8.310897937396236
8.315290616603797
8.303309338002203
8.235963732804507
8.347546717248312
8.356001305203696
8.38000289806352
8.321145523269724
8.320205103297887
8.28537283807546
8.29148395450463
8.32997269051781
8.338531609533993
8.351675748404864
8.388036064309194
8.38158843604844
8.394988794833129
8.333614729867062
8.44006599848558
8.351234669413735
8.377542992995583
8.430146170252137
8.36217562031452
8.37182260109927
8.360694622690186
8.370708065533936
8.432262820136534
8.483300332754958
8.520245337451637
8.541081093478565
8.46523437171208
8.49960168552571
8.458116056619536
8.434558146433458
8.406540243926488
8.531593465227227
8.558423494412098
8.465435143314878
8.497809579500538
8.51668336819443
8.58061084476791
8.539105558240829
8.536406949410704
8.474702836861718
8.52203128421358
8.512136731217614
8.557687682897102
8.623718424063401
8.597855086456732
8.5922141802833
8.614667879979674
iteration 12
8.379060526226088
6.499015045553011
7.111774584914549
7.08021094683213
7.680749745609855
7.0847360810575735
6.820481787414668
6.913944282319701
6.740615668581495
6.717697191802138
6.877321246491466
7.120270253396407
7.022788370741015
6.837539736046534
7.200654545440355
7.669721680244728
7.434716457961584
7.445266309592702
7.285292937475969
7.1055789362896205
7.075882834498203
7.530423135870028
7.609803906179895
7.636369263405302
7.341364074313275
7.130869908587792
7.079973451664896
7.122655999776827
7.400367240555886
7.344005236630341
7.408258687470793
7.999898903110659
8.112783025852645
8.093303826266222
7.948414824513207
7.588809243880839
7.0648906921763945
6.931611927698754
6.868671634804681
6.785814034768386
6.871379563832436
6.6857772770516855
6.476786475390182
6.464928904535972
6.586407912201997
6.553197473569405
6.7353305442224345
7.1232339782431895
7.187117723875929
7.043136449015533
7.031763278767246
7.1120442473610295
7.045027963299974
7.38102003512823
7.329971097585811
7.222438751276263
7.487213864022863
7.520563677324454
7.178159328515864
7.341504048330112
7.69988882242736
7.576509658602773
7.832483025083012
7.884822246696181
8.068323475462138
8.507207123877516
8.54087335069048
8.722563687056867
8.886586565018256
9.108825875991906
9.193292834982811
9.404225304416606
9.464335566445884
9.425520827396186
9.465457083306257
9.495334113086306
9.482894954859642
9.444554497730566
9.429431173432548
9.460690697237721
9.475744322038677
9.605761672350624
9.524200142340515
9.538750127530296
9.509123834448873
9.233928962667779
9.203340492006244
9.541540010385908
9.469987132858698
9.510146026809968
9.583498192567728
9.558620290443496
9.591111375270053
9.590281515699914
9.601558660835506
9.558636097799326
9.587771277070033
9.558889726557549
9.547655860763385
9.588712573350158
9.607342883136745
9.549376772859826
9.604442974269437
9.578687260469513
9.573871031789244
9.60834776623158
9.5400077803121
9.540301290206568
9.602909319398423
9.537764212720893
9.585428344474797
9.611921251112289
9.473689971051659
9.410141364582287
9.547614125817441
9.6606815963666
9.697636860410494
9.725440729682761
9.724305794852732
9.633681077080928
iteration 13
8.232631694428111
7.1242370863349125
7.757429960562605
8.043657220581544
7.019599174387708
4.81778627817843
3.7186942645701997
3.4762931870758895
4.179289586329041
3.9812850757386906
3.821066406400516
3.804633174614328
3.9248283020213437
3.784839620608155
4.305838836936489
4.801941587738476
6.20398587329847
6.182548030473338
5.977302511557192
5.931706550107293
5.943222372996042
6.120090648067258
6.662152979563278
7.187355697769305
7.169052511300451
7.087736226853456
7.160476903288675
7.23877126498337
7.30895046738386
7.369106432949699
7.415862177445076
7.3772083770610735
7.278999618365171
7.136103520390412
7.2550813519991655
7.4352537051720375
7.4764670440911685
7.657128958251031
7.553628963960783
7.70817497624466
7.581220389605975
7.569107800684848
7.776754203604074
7.806613695293773
7.972984994165268
8.077769976205992
8.093831880919272
8.124131716073997
8.21081637586649
8.253647858933322
8.214252084358328
8.219170187547403
8.282267758374228
8.257707784135157
8.06108750448758
8.159166614139819
7.752578958638309
7.39910161675191
7.0721196377623725
7.320627019077659
7.4778584910826575
7.760965610740274
8.010383605775452
7.974000041589591
7.814526842338341
7.57414552631476
7.561865411717943
7.7592463052104765
7.671636346128728
7.6829715075338925
7.91096821294511
7.926250315713955
7.850928150181086
7.780103639733273
7.710572346154072
7.667936072467549
7.853194377956676
7.8052637754683145
7.777998685390711
7.843790575922139
8.001915192767575
8.004687570877529
8.12901149852403
7.978950472313817
8.023124033829914
8.25180665228146
8.31696911099804
8.242805513451252
8.321143145214132
8.318398141247966
8.33116263488249
8.268160522720224
8.372267671478468
8.283948910239598
8.32390527322881
8.330785358825594
8.376655621576676
8.293087804289051
8.452504961165085
8.513518583771443
8.542844434962428
8.46548844731957
8.494500025166154
8.467054125901754
8.459364822508778
8.571084419133166
8.535441292627466
8.562626754554309
8.457996021561314
8.38853813431889
8.370165119449117
8.315306291930789
8.289073703117406
8.428169855241343
8.499819815375114
8.39649429555333
8.419343343658047
8.427427114919707
8.525334182449036
8.652052131155319
iteration 14
8.412832776865969
6.5015218637601935
6.661787037669005
7.2998071781772875
6.24920064567562
6.327178300202043
6.3971651880185
6.111955900161499
5.902315531442264
5.814415120869925
5.836411573173697
5.672115478214646
5.560002406142734
5.494309548528044
6.192368201946324
6.431455989935176
6.318404713475989
6.196277225199005
6.212303707305171
6.212917590483541
6.394292407608857
6.402134327405244
6.600980045567878
6.819930748901207
6.7952767537951395
6.539809110058031
6.471825993115013
6.573559736140523
7.049840292711203
7.100699835267303
7.098245864101679
7.015891215172743
7.0793662131896475
6.746098680847621
6.467554527616262
6.645272006074062
6.662702912013504
7.093181203725547
7.722960182453951
7.841935436965494
7.9410816376171125
7.848013300840954
8.103183261795419
8.34640419508212
8.385863960982068
8.21199135238361
8.094466938981864
8.057185172486617
7.986875221532784
8.018371842897448
8.08014436697202
8.149115958084428
8.141022538151372
8.248053507302314
8.196920092487861
8.174069700420173
8.212366763482823
8.18514623979895
8.287106115486692
8.307048485465852
8.238090485009383
8.286343426181123
8.290237428192828
8.225524856458785
8.197873001495681
8.163041892999528
8.189760685719978
8.17103986294392
8.11317675944993
8.039668966550579
8.16733109886428
8.23749152641107
8.384584830200085
8.345956187387987
8.291806643220536
8.417542641340615
8.378897874260696
8.401197965539764
8.390866305139502
8.49967063010159
8.43308976292152
8.437755716403762
8.41348013337663
8.449361436950328
8.434007279766202
8.442122905633079
8.511267736423918
9.012985301063129
9.431603580652233
9.400500122550033
9.38320076780672
9.383489183231204
9.38397644896192
9.343604488840107
9.384231034178747
9.363818968169648
9.319019391138786
9.345461984342565
9.37931329366551
9.38297730470892
9.394541358267444
9.42067495268309
9.406070211448228
9.384283255589498
9.36165860456067
9.403076022096023
9.395385059182347
9.354301723186127
9.370283751527165
9.371647593951595
9.367757607008846
9.33907748103565
9.35715872730132
9.370110551247784
9.396679322498903
9.392186000583864
9.414224122896444
9.546806337093068
9.495320817664371
9.468827261091768
iteration 15
8.43618411782471
8.191490294723868
8.306159304444627
7.2813497857139735
5.363119894796366
3.4210736008730653
3.472053421908311
4.08455160342579
4.654881115447661
4.7116967323943
4.761526939387168
4.81959175089557
4.535051748543677
5.426087455875415
6.04017990393819
5.814886204456222
6.574635330477862
6.683088965020541
6.501309319736024
6.844542597994823
6.996585284824422
7.4482828921140545
7.298996581389641
7.057755050759412
6.951195484147329
7.130906467090713
7.815321066404305
7.850671258080164
7.9151506279780754
7.926629068523991
8.09819507419594
8.404010042008574
8.453179424476723
8.412712212451861
8.189334717438209
7.95593900143317
7.9446209178622995
8.197971436053217
8.050393780728367
8.149950695997449
8.052554082035506
7.861697938917092
7.891082399699712
7.944010892989238
7.730607791170246
7.514462035967876
7.319600658442911
7.338608445832908
7.338191445445237
7.279746020699559
7.210757095120315
7.02124805046275
7.228846884979788
7.33694393858016
7.5418028923696365
7.544005313143055
7.573237870487269
7.4085563031193935
7.407971858118425
7.466862907110828
7.78863248491555
7.801036084964083
7.6239635376893125
7.60034244194922
7.5629369106285935
7.50107880822109
7.885708330264678
8.23413297197128
8.488675196650531
8.508083168351645
8.410458114343616
8.448087500580327
8.45625966681321
8.478295063586978
8.49737122168109
8.793294173521716
9.251803416263732
9.281292517095764
9.274178262924403
9.185177644318655
9.252217240628122
9.30990412188635
9.253280175627017
9.266993874432698
9.282605620300943
9.211425565805776
9.191792261084629
9.29461203211251
9.30848354719953
9.311400512531913
9.314260833617443
9.337570012451842
9.39772903141047
9.409438201083287
9.369034743044464
9.396310024017
9.39803681287887
9.400212469779971
9.413271214606205
9.389947538704865
9.412467790139464
9.390768868824207
9.394103857741232
9.41055340201607
9.39999634045518
9.389865257779553
9.346184906418607
9.379451045011926
9.378797181495298
9.386283718896115
9.41939446301761
9.421464200294682
9.375964664893694
9.368739253832034
9.30466388269758
9.383842665568732
9.397658772994237
9.328607016928508
9.416037954751312
9.43735383590343
iteration 16
8.714297076004998
7.239122075645471
8.33738694088754
7.699106640473863
6.6530889504993045
5.216991659965072
4.39087261414279
4.800006608892277
4.695607795734525
4.218694699852853
4.046167129843061
4.1431244424249245
4.018088423842094
4.1290715559674105
4.6248370681847915
5.026638780558788
5.0557567504699685
5.470780427418791
5.660767522638769
6.237510599176516
6.7454332784875275
6.8624655818126135
6.838071163525913
7.027993752668274
6.945144276252089
6.896969771122224
6.94533043101849
7.013273120424743
7.496367423114707
7.480572081732159
7.404958258738924
7.36552497631534
7.394987207567038
7.402116662580442
7.6003166899269505
7.817310613760244
8.1650998953409
8.309141680445391
8.380100640758739
8.499223494505673
8.29682473808314
8.32583884312626
8.253044153212027
8.37899771066115
8.461217782967994
8.472042999617152
8.58812123099634
8.508878460533301
8.60524330568405
8.701412574766666
8.697546894448429
8.728133068950072
8.669718762267419
8.485334487914898
7.936458353241588
8.241473306893587
8.267590203575084
8.056862912776218
8.028380240279336
8.150225036281082
8.200213431353346
8.236401062319315
8.18781348119205
8.110071313157997
8.040950208280742
8.052748968368142
8.064740219452572
8.120600773181875
8.175201823814449
8.21309096365201
8.166820513963774
8.13395666470228
8.188811098185415
8.188721976073985
8.25856755358119
8.25985680936155
8.164082471355599
8.146837183557567
8.192153358063827
8.200270608897274
8.227991734971479
8.187772762799955
8.14792491556988
8.312782550891605
8.310642171414546
8.280820668577233
8.510584537493314
8.269768870897055
8.197488307396567
8.356218213048066
8.619663735231066
8.63750884852905
8.556304995634799
8.553084065285319
8.623831637845445
8.571190854651189
8.434977376584788
8.50786881477976
8.481807553321426
8.56291463244083
8.633357631431112
8.792109103277348
8.710448592580612
8.883664715099671
8.874141170813765
9.01003990757838
9.104067135107863
9.361477404606994
9.408670727200954
9.443326138479053
9.382705625758678
9.459001248744931
9.424218830928334
9.361780798946036
9.44286356577265
9.421619515735332
9.442813920726797
9.486209084781025
9.34860507200633
9.374217142070489
iteration 17
8.608986854739971
7.551586766850632
8.027332317735667
6.955611887325417
5.996177647123499
5.672266206141295
5.352187300742787
5.534374444085341
5.4891888931329325
5.388674912777966
5.3579097603004335
5.98497381133301
6.547261167028023
6.50271998507659
6.611103806948072
6.741439311020786
7.09285418407422
7.5412635623527695
7.572197608296875
7.500272928265912
7.3292356260745875
7.3760693523940075
7.442632131098168
7.767412203482938
7.695718913434104
7.690730628411313
7.635306864303269
7.626238390006518
7.618112056967487
7.656355738066543
7.646619260566531
7.214961897861157
6.98025738289522
7.575971953817185
7.740636024167993
7.775347086112389
7.718603679537696
7.763255567454556
7.740216923460553
7.978729453076403
8.155880547130504
8.092711103617427
7.974567627269762
8.057931816952717
8.119231158853038
8.23898432419139
8.225234344169534
8.13593449766039
7.920224874305104
8.065321341595928
8.206650765407973
8.313625782967968
8.31300759085609
8.38758615775695
8.305110523055225
8.322491272700676
8.43728424438585
8.41411052115155
8.468056320023093
8.441326589989336
8.4207088931176
8.43479757412333
8.43986099470411
8.471546589446968
8.344166264134731
8.43721198466384
8.578636401494538
8.499019111889151
8.76564935680698
8.654473745249401
8.719416308853134
8.906940504052706
9.112818572926122
9.071738634114151
9.091294885017563
9.151968447511166
9.28958203947559
9.408895051066542
9.398568113785101
9.418622805218234
9.421659977686875
9.439513151151948
9.428301599191943
9.419190282809616
9.39130931793552
9.384385015086128
9.345582057517786
9.411663948945705
9.401041903352006
9.394359495193955
9.411625478066796
9.42056331025948
9.41206922478831
9.384222907387825
9.330385514085478
9.293510149516573
9.312951120875136
9.371620489514859
9.386551392195575
9.367269783421115
9.351653991770656
9.357950091571864
9.350522854925304
9.341513076850166
9.368619461853955
9.345660564841152
9.393731764908708
9.331024576889751
9.36661105156373
9.339617783338998
9.304608191529878
9.248602994519507
9.367558627713027
9.36291925381584
9.352606469903007
9.406629353335997
9.383452494943533
9.420301284149978
9.455281126600651
9.467822289151222
iteration 18
8.376102891522914
7.078143344765875
7.600477494861523
7.033658684283876
6.021012377508961
4.8136972969920375
3.825130806160443
3.5917846952721386
3.5165463696926618
4.467834080042584
4.653412244101693
4.970135717689626
4.66888901930259
4.741791277324869
4.805084108763433
4.6393249377201595
4.89659400715359
4.959839635159943
5.399054288625325
5.961193060712102
5.895783977764905
5.623186378548554
5.382689031792013
5.649113910965448
6.408519068341625
6.4023034738354
6.608160135885385
6.804656685530896
7.307124880928678
7.187090985149282
6.83194702068344
6.729463404010683
6.932195812847072
6.8718415723344535
7.157723733097019
7.493479863242018
7.537111725445788
7.4805476849376
7.36880299345786
7.479700681109547
7.539938897124907
7.444242469165681
7.424723580203542
7.159090096755434
7.411692879538127
7.4500007615738495
7.33087180473083
7.446249680955966
7.57015067480838
7.581826802075577
7.929359700216413
7.873560569334427
7.915434856126204
8.030665255649977
7.951201070964469
8.235129775886294
8.532374837686369
8.488512674893775
8.520070263886192
8.514149150944297
8.699495588720318
8.531013302248496
8.46990467312981
8.372922310400865
8.502236704048217
8.507976586208562
8.58236268664858
8.53796358156828
8.583211354611242
8.682296432318022
8.727017877438923
8.668236948089387
8.55942584212187
8.487243054847996
8.503548772088743
8.570096688339316
8.63072884610469
8.65835819581006
8.798065780266374
8.689197351496215
8.666386530471609
8.577664526306476
8.509302486133794
8.679258290106135
8.84651842805763
8.899669452602787
8.923642079139908
8.796644864389794
8.737046726945492
8.784516527507755
8.804641414822878
8.839322907622922
8.810089619942602
8.916490498741016
8.950859409916195
8.922180990765273
8.91315034492214
8.957268140464077
9.019776691021022
9.028700759228743
9.413373649488106
9.392463919654823
9.411921050173879
9.530085186112885
9.4875375815031
9.444595968833786
9.36273517512995
9.480531727891071
9.464983677959612
9.442414362138349
9.348162945049406
9.423041059356198
9.43374121935013
9.393719503624714
9.435826193398714
9.48172242232642
9.47967133640016
9.429974517321092
9.453201936296901
9.466978444046035
iteration 19
8.057086107359767
6.6104418745815146
7.356776987812788
7.650060400798384
7.04458642795719
5.558599114227051
5.504789588605073
5.004810280401677
4.748490105014955
4.435200206690164
4.9651064033049
5.224603969341041
5.106384438585019
5.183167385042126
5.619040111843147
6.002774667646454
5.925412521623326
5.82411962337239
6.191534474277144
6.610691921998599
6.916901594853075
7.060511209443596
7.230667125266108
7.332837703010406
7.2308364627741675
7.133566227069666
7.177682594100906
7.193405377747082
7.377811667101272
7.342966907866566
7.367872638074642
7.585234775865442
7.735160290524541
7.837724526601711
7.819283379591025
8.139085596928208
8.533565956200531
8.569437608443305
8.30529838608379
8.058013626249812
7.857895437921464
7.755895899490969
7.720781663398413
7.709495144366996
7.729422364703048
7.6738003704539
7.556869240717072
7.572727187196401
7.636182925262088
8.053081972244533
8.047730910619638
7.973600982576475
7.928652382749022
7.998665984527354
8.06497421327537
8.149123808615707
8.09856628153393
8.186233839389235
8.212589835424803
8.160712560189605
8.28730599812735
8.244767670167771
8.209284526445398
8.051954149959965
8.1177704413647
8.063375553679865
8.090666491964178
8.120216321458601
8.157589302178202
8.181261180170507
8.139063624981867
8.141601717879475
8.11610568061568
8.20872982554031
8.189026901341398
8.396432175531903
8.400404967697334
8.43409789399246
8.248706565588343
8.147798410798877
8.020053567706775
7.949213034951131
8.081164085481287
8.125840105702876
8.116876838221994
8.128654084045515
8.139000242010766
8.185174660952152
8.151333399997675
8.168601886706607
8.213314515178388
8.16130383417206
8.209453690327166
8.222670290964514
8.341077783711263
8.326122260464786
8.354126777534127
8.387054030477252
8.429693534189697
8.651553324787892
8.689367614275463
8.73506608904481
8.72531703055641
8.77341573015072
8.789122198901692
8.792186714977596
8.77864389375534
8.823762631843467
8.8107641937026
8.793932714374648
8.983093588257107
8.908353860033206
8.886993531743387
9.05428779100226
9.075763044421745
9.025420951927385
9.079514624199028
9.118058531864671
9.130337922787527
9.127867996754294
iteration 20
8.936189095710645
7.968660568810881
8.158063412441347
8.368115267798142
7.083707550183177
5.923983024451908
5.379405169679309
5.154217391688731
4.599182785835392
5.120594282850444
5.564572693557757
5.6402541695555435
5.564569607109682
5.489099085196815
5.806137638706893
5.883756862077857
5.596537156512557
5.477969180488479
5.406873402818503
5.5213422493400515
5.583694171653861
6.172922477681755
6.496985121901234
6.08665138651732
6.082482336145513
6.32710188284673
6.74939221397476
7.38725041690102
7.166115693824825
7.151248840320791
7.234781810079993
7.072337778816514
7.361562197255193
7.928434408383774
7.871695330217765
7.862683790124476
7.982414320117329
8.286353553050766
8.02648760634029
8.222822227252689
8.111465325279063
8.305529968377648
8.442740267011356
8.460462671698652
8.470854199975328
8.675582732182043
8.627520963679364
8.64985321824689
8.544083983486269
8.674582081473426
8.685708365575145
8.681097892078306
8.796459264865643
8.880927826605928
8.906815745865234
8.928574395831843
9.014476821591655
8.999112455743624
8.976370208236057
8.841030491278747
8.891505630516793
8.814251424748056
8.959766753040354
9.047062982685482
9.015306610199188
9.132080322061778
9.295481438872715
9.236609561394564
9.298190224420544
9.281915382112697
9.311446956211586
9.292533120144878
9.097779939634082
9.037304028249062
9.128893343867777
9.102879970035149
9.156597972628589
9.15372781218363
9.09299242173817
9.06763864879471
9.049243159916138
9.146044893441468
9.080945180694101
9.090802079256541
9.020434021666743
9.09394309123481
9.159669663042816
9.22220775625541
9.25616577365985
9.215829210592434
9.01824602786189
8.764749891836761
8.767773463408638
8.94930559534457
8.935435760382004
8.786394757887352
8.845115692986303
8.943914398576233
8.966782667918382
9.006200614616757
8.83022849716226
8.915572482619247
8.976086462270073
8.985646020170075
8.946892401691347
9.228460076094262
9.355585478063592
9.27375052568421
9.326649695798926
9.303339346050793
9.310398646334876
9.266299504209503
9.241919729656722
9.239410354198213
9.29821124340221
9.257283988054121
9.323620647242837
9.315276755120248
9.387570538603953
9.410376762227735
iteration 21
