nb_arms = 8, budget = 3
16:38:39
iteration 1
6.713478038234296
6.643710393740256
6.6000893342768805
6.89677709826307
6.991813905084166
6.811524096517724
6.73967828418031
6.702316337831504
6.666924742526495
6.683862402609734
6.718312329120437
6.71136542449477
6.7419006568026205
6.818091426037927
6.936042421208137
6.879686484393215
6.828697833653672
6.866808183200159
6.84050852657642
6.744640271143842
6.981614153985041
6.90634688403507
6.853483953621304
6.8464940606050195
6.807718280182496
6.75245501049975
6.732367107424991
6.618331068727931
6.605450639180889
6.674228533350316
6.698518861894173
6.59225870615891
6.706752255076061
6.656628723467428
6.523420290291943
6.349648816145086
6.3155529686857115
6.44081207703448
6.285505772499116
6.139281967437057
6.051638822979218
6.273518589099459
6.199674769049471
6.202423906815885
5.983651186778251
6.163079427802248
6.291117243021185
6.307333027857319
6.362459400202749
6.366880867636181
6.265067317352966
6.1158513843515605
6.055001827525514
6.122427035844481
6.01033272973966
5.890321692992208
6.009212578909971
5.777644334651586
5.793607932597188
5.866509155128667
5.914130068842883
5.8364309638331315
6.103435838700928
6.000872715127238
5.8828976466066765
5.909362961563783
5.849481411093422
5.965745152512807
5.967532644640851
5.827362168922994
5.917868858603673
6.036840302852368
6.197976723296233
6.280932673237605
6.268069317917206
6.314968310605028
6.278587395806728
6.021298025003153
6.090487080275353
6.187386440796561
6.33431535424096
6.314136751585936
6.272191834846666
6.252024328245572
6.363388639978077
6.050248974370271
5.843532285085092
5.892067018257243
6.203601708885853
6.364817334714933
6.534395034028716
6.334797514069969
6.299319183902673
6.078835898011671
6.1740876029509115
6.32977102897352
6.30688034011985
6.3142374394904115
6.3115385789993015
6.352040014788274
6.370969145134617
6.37059771989323
6.5297180245611175
6.469092334249844
6.400579228505299
6.478285324768588
6.41535609147752
6.4419060055306145
6.472152632438664
6.452172678544468
6.5481130166184505
6.651285668085524
6.670293511469401
6.694988861262447
6.6713008010489965
6.587144459639705
6.662585241331161
6.632712785351772
6.6014973037785944
6.623187485009111
iteration 2
7.116279523759897
6.958445414057122
6.997817410869327
6.967933094681784
7.035040092612427
7.136986957619574
7.1399069767438945
7.190642650853133
7.290616037384793
7.173237358451088
7.220930943232537
7.292967753052596
7.26705462686952
7.266032408579878
7.244478916701086
7.184859869205685
7.126874466100916
7.058603112893799
7.074857052987548
7.117223251557727
6.9671949075670465
6.930725046196143
6.921452554175573
6.992323049872864
6.978977746979021
6.968047347267021
6.961220476565
7.0369336007480925
7.063199304604976
7.15106277269864
7.190921525837697
7.151319690301648
7.183294423851469
7.207278334794454
7.245648434600946
7.236218994286916
7.230648822013205
7.242097476056683
7.220270620814587
7.251735651088885
7.270922152967408
7.262032139772689
7.299649638237295
7.30009488479964
7.290437778018447
7.350607304089733
7.312553223455256
7.269880558113707
7.316225508019683
7.301019290689817
7.294821555501556
7.309701556500267
7.32556209677745
7.318963507136299
7.288642862075592
7.290085771440394
7.303055694441325
7.323393861883655
7.331390186515677
7.366558986158757
7.329106192915815
7.386896431471598
7.406888564090695
7.429091677806076
7.463691891934471
7.48296974144809
7.466487533583944
7.451256429319694
7.4314393320940315
7.474813712225877
7.4383127271409615
7.421068444282701
7.411108365406359
7.4052115710914
7.384053059783204
7.408573489347507
7.350455400130801
7.357420406558694
7.3742819390067105
7.407692214611513
7.365123337822116
7.3519477837423155
7.365492942265758
7.370037763087861
7.337668058391384
7.3413809149072105
7.3862265839297505
7.362083504590289
7.355208832861023
7.291426268218504
7.402656857621583
7.35386298951499
7.384601116013212
7.389269723570098
7.392511646620972
7.303056281994088
7.280122499832906
7.259526594276196
7.265083573067829
7.2710106169073425
7.241506197667638
7.246879787981818
7.222112249517356
7.2200844494694785
7.226052474487551
7.217581082248247
7.228306437563623
7.2332400429489905
7.246596861380717
7.262739655269894
7.222024455050023
7.2530691444967195
7.215479628056688
7.149720515144353
7.165052152744306
7.161361960226128
7.082159631088238
7.101371550519552
7.118029384129678
7.116972247371549
iteration 3
7.168099571563698
7.137993191311267
7.071783635073692
7.094278706753911
7.047176442981046
7.187387056256275
7.0583064119921115
7.053117011917325
6.949260822389284
6.912585125178762
6.997279890435912
6.910586378528109
6.812887879801499
6.848057500158273
6.798506576110137
6.797099685945721
6.907794872408704
6.896956288260686
6.897419951713525
6.8982755334989285
6.911129089677453
6.824756354781649
6.83414839002946
6.82254481180789
6.862537335571699
6.88666368320481
6.919431295731438
6.817901825287229
6.781165325971696
6.869939147645572
6.9221272590275325
6.8973117013693965
6.9593031079258125
7.0499676178857875
7.055117481609297
7.046757489955386
7.022546780685674
7.171079480211073
7.118076310506801
7.046961237149183
6.962777986932479
6.96748111423738
6.94412452550882
6.920649694029281
6.936621377734906
6.855197208777618
6.783268097794856
6.704362454945142
6.572356845166748
6.4940420909672865
6.5131595051224735
6.459209001666604
6.658702468601991
6.7463391235700945
6.799360996693318
6.93284511659847
6.907774605081837
6.965195243087873
6.957859498213286
6.92860958306955
6.993581792470881
6.9887168536235835
7.017175142325504
7.043188107385312
7.0851488223947205
7.17166746196425
7.1852457252332265
7.094930244914616
6.986695387884737
7.052213513152143
7.054520341577609
7.082723175893676
7.185236947205969
7.191048688931599
7.189862924115618
7.280234531831732
7.260265654299539
7.236833732166008
7.2313662413564
7.231182533066277
7.2685902743281545
7.193557012512177
7.182806345743737
7.203030672178161
7.221526639026723
7.212250777591228
7.211243452620376
7.177815523255833
7.211115628326577
7.263577787129313
7.212765442344578
7.226799916370052
7.180516721534333
7.158652726844012
7.189998018580726
7.139010890798577
7.1806856703594235
7.1089582538608935
6.978090255764455
6.861171847721322
6.887189043245733
6.737881702864831
6.552257671694176
6.570828582006094
6.623269547556846
6.523141438295069
6.509683750881388
6.585022387484652
6.583579514910607
6.71088847360314
6.723319952633172
6.783882497446196
6.9488008726434725
6.8232804166335415
6.845115099107493
6.93387677668995
6.95906754081176
6.996192079391141
6.990922046114272
6.948659100222257
iteration 4
7.184677139311699
7.239098844242198
7.168797812072047
7.150196263510999
7.077717088387849
7.045107312717736
7.025243352603232
6.917705481418582
6.876131551847064
6.864490562869894
6.8454535827745175
6.909567199233797
6.850902413981988
6.8210541702482725
6.876736021297314
6.972808034497732
6.9823327085581175
6.8814596501616165
6.943511253410378
6.975005169693281
7.025791595740923
6.960018443364582
6.958380458861458
6.876679746432533
6.731938769213452
6.800847961932992
6.840546797882347
6.673991370436932
6.642926191088859
6.69294737604816
6.749681343620656
6.708381181497626
6.769297377014735
6.924777138783197
6.935350593555321
6.968157599754203
6.967681724494754
6.945229750409326
6.9680872637384335
6.890117811720645
6.848124890137489
6.796870566693973
6.847903230944325
6.8148354764859285
6.762523160306033
6.839371872804756
6.784296451724518
6.8208198797913715
6.80200444482598
6.791603341574934
6.840158351083235
6.83762713570533
6.74271571786427
6.608060388954057
6.601393973367204
6.562130319316941
6.631333905891743
6.662670864666078
6.717134960635572
6.751658360131632
6.832798553657109
6.818663214315477
6.661409234925761
6.691047292383355
6.62780496903161
6.58078343533787
6.5941523095618955
6.66176985252091
6.581990071643066
6.559710154112703
6.53661886160633
6.560103747782355
6.558493645607341
6.564534195357825
6.590622427519491
6.544005837672224
6.5586355833897025
6.5521075973037
6.562123108162267
6.5925665125891815
6.583919450324524
6.562718148906762
6.56236677195049
6.570688940920491
6.658683401500489
6.639067750587942
6.6249036838052255
6.644193379807584
6.770585733549774
6.797820075188635
6.781526484087106
6.803902203654389
6.844989187070939
6.768570085888204
6.827550586530097
6.888770800498459
6.849707781471834
6.824917386269187
6.807164413550128
6.799267883858269
6.76149714917594
6.727282541299404
6.75086113117111
6.712843421166528
6.694312346994265
6.633691027475053
6.630027068979805
6.715451742062949
6.639515515550876
6.584302215930887
6.59590964279695
6.610054614796453
6.590481916163487
6.589193726217996
6.537453938627985
6.578685968816871
6.5715301081292985
6.600733523300096
6.577949612842323
6.587037144590441
iteration 5
6.753943432517958
6.941760183960899
7.07736436084772
7.263467873833422
7.174431617793642
7.151906650951142
7.079042933316729
6.915038844123253
7.1890202103104786
7.200794142969633
7.216123733750399
7.189937194148522
7.024166855566785
7.102264226891114
7.110529680304865
7.270397306109093
7.2856865994785025
7.177343045197143
7.261690883369073
7.282160202935826
7.28320091797417
7.274773336499693
7.279141837995066
7.3080386581320855
7.302067680022103
7.327501232681236
7.410213901766047
7.333980662738892
7.283944490333274
7.259860636436017
7.310334263423942
7.352018683912591
7.407397919565519
7.460448107736104
7.477235276955055
7.442288281792123
7.351583967532015
7.287187610545065
7.375511601691097
7.38462038755133
7.414565609356662
7.4029268435995785
7.3815306126202325
7.40019656388083
7.48903570149891
7.439606765926662
7.303760705528501
7.280088071630202
7.278471366095558
7.216082337152048
7.277310161347413
7.371075369623403
7.302105542118766
7.2231586623953055
7.287587196524077
7.337296216629728
7.324395049839108
7.1911299961398445
7.207792064985515
7.274723911811739
7.280740197698991
7.25410584404833
7.270581002136657
7.285571596983925
7.293276827208168
7.308362666950642
7.31679349366026
7.322414425130098
7.296880040037598
7.305634735420364
7.299696905982213
7.236610259108394
7.178884012860375
7.284690873877637
7.241878310546354
7.1557294482517895
7.231424633790203
7.2662681444550925
7.278813243058853
7.2595556847761245
7.225381577823769
7.209578186949773
7.234876527228409
7.277016589829198
7.296232778942962
7.286580829215627
7.2775866829374705
7.174270509509072
7.10853173424282
7.100539317169864
7.135833662053732
7.144345596272287
7.095682173316197
7.039549367584974
6.995813798094946
6.888391251406324
7.015211554780949
7.019610650424195
7.017326896152358
7.0632786309090045
7.070206112036414
7.014445890089572
7.004496086778527
6.991975762065376
7.019514790247878
6.994391984358153
7.004573247611898
7.012874276055389
6.960096709136937
6.877559314777285
6.821803777277077
6.938298303174778
7.014592713176729
7.000041887380622
6.950605892295285
6.909492404746967
6.953914557416613
6.927565154540642
6.8632278177794035
6.796843322701844
iteration 6
7.054843669875094
6.955578682885399
7.145246586131077
6.950086239101378
7.057870694042825
7.093793063166909
7.10570805338161
7.0667988868197655
7.016270694770018
6.980091369231442
6.938734575100356
7.037848524721607
7.18280300517781
7.092974193208283
7.041556456716958
7.157537986766954
7.201170390311156
7.208368322710264
7.146786876149432
6.986640283487223
6.976067215390802
7.097292301243468
7.123346016966714
7.230066799415901
7.285297497139005
7.461293657256098
7.465942108927408
7.3555289713496315
7.399318777808605
7.429396903296037
7.398914256710035
7.404456354812607
7.3620696364596885
7.321095413118391
7.310153247797832
7.306169345784582
7.326816934118021
7.339527264462398
7.403091607817231
7.427503825161077
7.277530281750846
7.281470549692272
7.257857294197614
7.187769683352293
7.208174325298628
7.202000487258326
7.164663374908755
7.15158304326848
7.165554634895653
7.224968754109528
7.260803917900013
7.18172401338993
7.21525325922227
7.178540135918123
7.177779473024511
7.245078973342653
7.132252307214727
7.0380721307470955
7.075000147899285
7.209393664781459
7.185581003638348
7.12304915912568
6.983879219125674
6.895663806232113
7.046371816654758
7.166370718531543
7.093385164214206
7.099905655771042
7.0739546864366165
7.034051105066077
7.104842666254716
6.993212676959084
7.073203610970856
7.061622448669108
7.07024728162466
6.993319640266851
6.90039771561261
6.963420686705917
7.119055582034545
7.091329572105241
7.056294402221072
7.097193535619416
7.096338433207494
7.075497137831666
7.082167907735743
7.169069570314955
7.149279188607523
7.082411796858761
7.0893571235837465
7.082014426058493
7.088072441130147
7.097306959921471
7.184645712538313
7.148774726659491
7.093670230917978
7.096765756248005
7.178221479395696
7.179866741760014
7.216391944095941
7.154995713490949
7.006881551735836
7.119861812379389
7.237656820845898
7.27852880415051
7.229787560380882
7.1720919038641435
7.119205809523804
7.194858640916021
7.189281426778075
7.193578736752832
7.145062532882233
7.123068762682273
7.131888405365284
7.114472968124396
7.084114669607368
7.07082301391527
7.079708917692218
7.155615144963244
7.188617151704925
7.202089082273047
iteration 7
6.73815746222222
7.090396592572261
6.983158094877665
6.623168280627591
7.006556147703853
7.073079153111216
7.256139350590522
7.144409720133475
6.993308612573229
7.079141877519138
7.096364074834577
7.218069995426156
7.225939160486428
7.096701141257605
7.170731753337841
7.3911885149997865
7.273141434594963
7.032497179605717
7.070227968005753
7.159854212554084
7.1819209678098535
7.2269070588239455
7.164971267532275
7.174267901004564
7.289244228316489
7.42512971603872
7.3760125960514165
7.373036150046753
7.35583870194789
7.343280665519043
7.360538017842758
7.377065612143781
7.389462856104983
7.38543528367628
7.368197161660557
7.411006085139591
7.379230423604298
7.324832499454903
7.296904367075386
7.325973364025042
7.317185106364031
7.32403117304721
7.334082962365722
7.3641127071317625
7.36809976250875
7.288012165242495
7.3904952076502965
7.379873734474603
7.3576398015615
7.356204358010506
7.233668480570648
7.269918359642088
7.257668108387126
7.257643834952869
7.266345917549039
7.178074033673002
7.096687049428272
7.13087099020681
7.014658482205616
7.039703743232691
7.046207769968351
7.057558206816721
7.024895732642107
6.946992847571985
7.041747853746795
6.881977210299462
6.945270704766432
6.985901576363449
6.975903028836699
6.957410255216372
6.760497964939373
6.540314411848089
6.315653175086351
6.190730640025468
6.130856352606504
6.030939162449781
6.158957087799442
5.989271080190069
5.969000853468605
6.011908653908104
5.926020814597691
5.833885862255671
5.831891513127439
5.926204705245734
5.984818179138779
6.128902879716822
6.2208919995641345
6.29134373689316
6.211360613391419
6.296997945087427
6.322556298314728
6.277341290909879
6.296931017622677
6.292130885127745
6.315639011546599
6.280251149134569
6.324766034166114
6.3545592271957965
6.409123724566217
6.343058557134006
6.374909302941559
6.325491648149632
6.361995753752407
6.292963507066862
6.298193377570496
6.293603286833245
6.326110733290923
6.314488906503394
6.369641955099369
6.518949901711061
6.480266337302875
6.5268002507963025
6.592147256593226
6.634929166368799
6.588364019039796
6.348751246991515
6.30867280594774
6.382337337358457
6.489611945535601
6.362077761021023
iteration 8
6.841664804043013
6.7087241985748305
6.88136547633623
7.054920698653276
7.077159681410108
6.960998524509144
6.945486156578255
6.968667676692052
6.985722843487217
7.199420489554202
7.099551572245603
6.981903879912087
7.056203648990499
6.958989799418653
6.958139280889517
6.970620727219024
6.97517994134773
6.885226836636724
6.859804054043105
6.890916997196192
6.8328747528341385
6.814229011266981
6.867138304197562
6.979290859708435
6.986219623136671
6.8805519559407635
6.81958826896783
6.814439788794804
6.868745466482944
6.890277274929615
6.92958125594991
6.93482495602721
6.895249332552714
6.938954585184275
6.96007664239895
6.963035104289186
6.895041834507671
6.929387689227699
7.0063319394951
6.998527159455469
7.084209451938096
7.115338675790881
7.025829824825653
7.082580176962091
7.026710873005819
6.988424347366086
7.023554740127817
7.035913168674466
7.033542071256383
7.105153201186401
7.041167838898913
6.980367477198388
6.991468609592972
7.022218627646347
6.969619050258922
6.953872885948564
6.955088086488531
7.127287810781776
6.990505171702491
7.05147194395876
7.0757512803099925
7.048508357000104
7.022864797746949
7.034375658923187
6.981425351331379
7.107328217110433
7.189569500178179
7.291736827403987
7.189233940827998
7.18158001564532
7.30495037790076
7.372355324925651
7.405385539462923
7.39701396970457
7.35624978641947
7.328894967447781
7.254362506128708
7.267554274814396
7.258645200290074
7.331390388396332
7.262793969216815
7.215021053133925
7.220835118171953
7.31253119540381
7.246295711748292
7.1565272015382515
7.146575145922299
7.182755227932173
7.220631126136705
7.200107551367835
7.270403834930972
7.157575215250436
7.102921716799484
7.092646628076059
7.1443647009491595
7.239697634361182
7.271185573205572
7.285044530016861
7.365043541293777
7.383260126044515
7.345334969110659
7.35686791718147
7.345819470072327
7.387716195901848
7.3261192776179245
7.312962432029781
7.364016040590177
7.345161637701749
7.328446935675071
7.297991591814424
7.266189810180358
7.303631537281271
7.270457053157218
7.26431020477516
7.250658662516948
7.312828694125497
7.260718688913598
7.252217851544626
7.283292902025765
7.27284897553596
iteration 9
7.165918648929009
6.977514173799039
7.076774463843792
7.082531336065749
6.899876883120186
6.964624899539591
6.848830321423469
6.869038531419773
7.040818645250072
7.133351285739521
6.978809941586451
7.087425187625115
7.10673937606764
7.158565905306793
7.1501241479035045
7.152742727922807
7.270325915758019
7.310771876373927
7.316018466781375
7.323260606427778
7.273737648409874
7.215178937238765
7.233467893180042
7.330972318220187
7.3588338223810625
7.330105435702961
7.351363060564158
7.326982601779459
7.34904654832559
7.3557784318331265
7.334760769945754
7.378966758977341
7.413528561735983
7.412398612991598
7.376952914677163
7.398708690356813
7.432701143485152
7.396665884891136
7.421022682225946
7.39273096963104
7.2685272725512515
7.2070899465488525
7.260577918428037
7.339703514587097
7.337169955763003
7.250143993911285
7.30692931527395
7.271918589562293
7.279403018537113
7.202690271394
7.223096499995554
7.216576137953478
7.3402655262120176
7.394169153184574
7.372973055439729
7.388844120091045
7.36946542003394
7.380809264306605
7.420205795546886
7.287953134022561
7.237633926679994
7.222731291001225
7.279277429617921
7.329854522868589
7.3251221845471175
7.3587369102592
7.14184398536274
7.1898856766938
7.264746505880462
7.254961147233968
7.253909610646191
7.138161284659131
7.126313820077216
7.012185071531938
7.021014459973105
6.933593375462043
6.844669457040453
6.774728182400314
6.744858902777253
6.78287289700518
6.778718299136518
6.702117519815332
6.707442406038036
6.79195652222091
6.738732223210815
6.770724697431044
6.708132251568117
6.7602133743190675
6.771709524385497
6.715378807500622
6.6141465419803644
6.628684819179722
6.635415489787371
6.763392573816474
6.656306541685483
6.61551343623952
6.63149112476434
6.638432410001304
6.733094865591059
6.748503257332504
6.6539087709588545
6.646036324456072
6.6303529204728795
6.625776445250572
6.616644891537327
6.470828960293167
6.358879429819206
6.312594636553839
6.4732248652693025
6.570135167927296
6.583861671401528
6.635031762470326
6.790384692016165
6.881162812554437
6.803386061377094
6.674408968281683
6.669797257495705
6.688887562927528
6.7985006023996455
6.755331818464424
iteration 10
6.779129686224052
6.528014680562424
6.155686643788748
6.073928655861441
6.031897116747916
6.085936746277805
6.0041715674777585
6.050431106107152
5.953217372035366
5.8989669711093775
6.096484449292051
6.076219260696398
6.060208053571411
6.333832795521954
6.387486037435841
6.342927673197323
6.408216541574717
6.4157918808629475
6.404671851953044
6.412499661340133
6.4012068067191645
6.395813629230513
6.4745080248094835
6.465928155415888
6.572476442191975
6.625799190849456
6.620211692543227
6.6816544443564085
6.7332583145169895
6.878762478685132
6.92874461878145
6.943465096133807
6.976065464844324
6.973982301802221
6.959679249602111
6.745284256723036
6.626851216529645
6.6425510459079256
6.668510934330362
6.66785794546856
6.7122796883265865
6.728244094928025
6.725909353350132
6.691934257694348
6.667714154724879
6.626367371105907
6.593733036314217
6.558604639451142
6.601488655093723
6.617834559480541
6.585728309598618
6.6099796946022
6.593055793768222
6.591341198705237
6.616207592874406
6.591650715008955
6.590148366438331
6.594171918603277
6.6676796320732725
6.702725097862119
6.679014985749688
6.674235946432825
6.668650294175998
6.665348602087065
6.665917488032232
6.67562282912715
6.685591129547182
6.7792455985026585
6.825464089454108
6.726654883980532
6.7873338064495075
6.704819636246444
6.618581699274009
6.598135899716893
6.60625185201021
6.6125968252707965
6.6806081606009355
6.699187879728458
6.6891888727379065
6.793930044409091
6.96093911313218
7.005188754110202
6.962086835236362
6.894424040502809
6.921711941488603
7.043406681278146
7.064131338131074
7.0506173923417155
7.048928468413642
7.037168569810871
6.965913034197533
6.953893879694166
7.015839288166013
7.007246213361109
7.013937646300146
7.014112854786322
7.005088387704028
7.016736383323315
6.990294537529115
6.958739780712566
7.006583116767328
7.017358276789355
7.0164742664594515
6.9935533040196844
6.944838741236705
6.987666011359189
7.004600823988739
6.964889133526611
6.855583454013431
6.885179416358966
6.912981204968548
6.898575506985424
6.988460258899773
6.940769245506503
6.887335974082885
6.907025031485445
6.9647475601760345
6.972693859389811
6.945032674679712
6.948733905934114
iteration 11
6.926838632814866
6.715113156377725
6.6817011573927285
6.8808597876524775
6.803413234231486
6.402879017802609
6.458416586286017
6.643964354923833
6.536291988053369
6.614422013048532
6.629095759373736
6.694374781913784
6.826678120316573
6.804904226809047
6.8022856960826905
6.5632223557185965
6.438122468315608
6.570585931455547
6.729581619050574
6.771336929159792
6.7695421711820645
6.752658219352991
6.753772430463863
6.834786313718757
6.922275247845265
7.036744492400352
7.064460108278036
7.0050496357238545
6.98368854153895
6.916244308759858
6.900623621807634
7.00749360821811
7.016429312562935
7.015266764375507
6.980705438742161
6.958662006013174
6.952969524839382
6.996350925493158
6.995995211483765
6.8644615169204215
6.862685740649458
6.884008041167412
6.6871988524284145
6.62162575965856
6.638677708673591
6.719418570723111
6.725738407828232
6.642932578807181
6.710006247260666
6.6769673646720245
6.667637760012469
6.688130720163219
6.8511696515709435
6.678409127039926
6.417615819919409
6.442327993118663
6.29592787562164
6.184264752646182
6.299939933352367
6.339428205562403
6.370736208791741
6.602575253672378
6.77142954142012
6.76355090821376
6.694626668929352
6.689305262104102
6.646940102225711
6.704971275292435
6.708726695652261
6.762960321785934
6.737789127769471
6.769110756010906
6.750185462888586
6.646669005783053
6.7302238317261756
6.777285497811556
6.720620986899475
6.690505365937567
6.751260734957388
6.5704507171090745
6.592792117708308
6.55711699022218
6.395594582122851
6.3648130775852625
6.340981558098545
6.330033800837996
6.340555297362405
6.366712106755967
6.2520334427081705
6.271877916704718
6.375185221960464
6.366446352525095
6.264821661436067
6.345222889207594
6.3946581450913484
6.4237824391845075
6.330299066104718
6.39012077035607
6.383328095860367
6.411967020609986
6.381700736290427
6.396524524696828
6.43115409148963
6.40960399722755
6.354092229631841
6.318258350891293
6.219999157141733
6.384846018079806
6.427792590474127
6.436240065098132
6.348995754897934
6.388510248759798
6.355340029723909
6.419280450514399
6.416906721014734
6.293193944848894
6.491597967409908
6.593826272916131
6.581008932524259
6.556948697652131
iteration 12
7.199956300061724
7.1543670304826525
7.100575503763577
7.239822292720209
7.375004378809591
7.412983905085
7.258744402330055
7.37867292221946
7.43085124438762
7.3144023629767085
7.180262740204594
7.281397704728323
7.301820160645689
7.184606380727391
7.026499932766475
7.2392296457228635
7.238321511857123
7.252158794944087
7.242170092847907
7.311683737436718
7.370560723439262
7.306597564453186
7.2135057085830105
7.234553126620681
7.280957348094411
7.218426594911754
7.215447443200394
7.122554402211255
7.11441441793204
7.078476332693888
6.981105736279664
6.934459141501745
6.843361106060611
6.94150877473976
6.939641536962523
6.995650071009252
6.943983957085687
6.970171957812952
6.966125810097285
6.977772389030265
6.912668830717675
6.9649440669774325
6.835218034048758
6.676734801281474
6.52907481812024
6.452737058761764
6.537955223112469
6.7215610883611046
6.654177262669237
6.714135653366801
6.695459911521603
6.600228578431596
6.493442569878271
6.571265182798297
6.744901707133482
6.662173280906407
6.627910371220753
6.726318236888877
6.674839120164889
6.6885024110121325
6.6370877469461025
6.639905272344155
6.554797719144043
6.578078352635399
6.661861277879403
6.637964009122251
6.703196465742524
6.685224091888335
6.599484773188852
6.581679336762951
6.605711398048924
6.714484221941797
6.756888900689391
6.727421886363601
6.725743986742176
6.7126015978097096
6.585996337058069
6.666462589910554
6.6997844751613185
6.651767197723411
6.790085764447659
6.885359083546923
7.000157794652564
6.965485168356155
6.97313517397318
6.934411310257718
6.882062704372484
6.835043981425429
6.731427164812976
6.543223030472462
6.556919530378292
6.6565728300799245
6.646999555758499
6.73622060652619
6.7025064801203476
6.747636428805175
6.7871565611459275
6.694040342795766
6.828839841442349
6.719052341547686
6.750378143213269
6.691159336299203
6.736105829023904
6.618742961051801
6.610819576317977
6.660700304145437
6.657877757420212
6.688772630587779
6.688265764744631
6.73507004115107
6.824217936260541
6.76454557886407
6.698078682972332
6.71989023483314
6.718413634298855
6.673199547565244
6.731425650535241
6.941356421334221
6.961316772225108
6.878261790316124
iteration 13
7.137337892867402
7.165347774814388
6.977885615472884
7.081127497778341
7.12431614577376
6.865635841839125
6.845879147567679
6.787342275779975
6.587366442789435
6.728921305695048
6.938194939002764
7.001514850427291
6.932865768370877
6.8838688133050825
6.901243115664372
6.851649548855181
6.827263367600393
6.682100094822942
6.578235479209427
6.579079150065676
6.621748953471081
6.600847096563716
6.687984919356019
6.780128485147702
6.7711825051938135
6.777096239156099
6.885182012420626
6.800754580275425
6.781621941090112
6.736204784311002
6.764781342233399
6.830875247898704
6.846466844020564
6.95835206764737
7.026289735136994
7.028254955468219
7.0360926443327605
7.036483565805646
7.04661093898807
7.1216358323420454
7.137320443430764
7.109301566599474
7.006250642212467
7.051816925520956
7.043784937203473
7.053604817521042
7.022143687913772
7.124316522066483
7.150766969176553
7.147327911930853
7.111681688717066
7.134218683778666
7.181236621717228
7.184619544387667
7.15036566207207
7.151941016968447
7.176060836021466
7.168975329098697
7.158955421812537
7.159336161792428
7.112359378183402
7.026311313075542
7.075212850064711
7.088231827877012
7.053147594830261
7.035265708526924
7.040730154134147
6.964025560536018
6.940691856303621
6.9593788254079065
6.925978582749301
6.8520084377532235
6.885144625378431
6.830925914905869
6.712904753825875
6.734330271259852
6.6930528015551936
6.750915299756299
6.744686229921736
6.702358674812586
6.70200799034762
6.746900340354935
6.833079329615347
6.886716603382072
6.857247257066184
6.802921234184225
6.911616167086446
6.884045975667327
6.9012769716971185
6.995865065793238
7.04383052703488
7.0747374246807
7.0669369998633496
7.064793223237347
7.053179600775552
7.0284641186312165
7.063506986670925
7.040773725619854
7.0472891283497106
7.036318509709414
7.0503747219279145
6.976530463409875
6.966608061656935
7.0525536580797485
7.009988027888991
6.955944533859245
6.968656455299533
6.915319309758854
6.896295005736035
6.803758921299128
6.811606360488809
6.783408337297474
6.811543357831249
6.7431950071420985
6.716710345419361
6.720214282184848
6.774229255949531
6.827915259430297
6.8431261397958565
6.888693222281084
iteration 14
6.98554669522499
7.019174542579231
6.874784544897704
6.636348646902299
6.692670643994478
6.71157388852847
6.525075797518627
6.539569662521695
6.703292623470795
6.733618909026336
6.854196679291327
6.915014760008132
6.875588144201031
6.641257221825352
6.654852151802925
6.650921065170578
6.6429416596958575
6.734483520099901
6.7262054291482665
6.715327216282875
6.743773408357281
6.735660071056023
6.780763606257763
6.7500340613271
6.755775369496901
6.81834916453918
6.773114598433056
6.721512312564844
6.710726255393321
6.655041954917127
6.617998818851913
6.606159143526466
6.694624959238527
6.652476826356571
6.697643122728624
6.802528753228625
6.817174392714019
6.7298333924496685
6.830170522414604
6.858155258143962
6.843531520928958
6.7400498719468604
6.791154703018053
6.698883580603081
6.706255366086496
6.811787851493059
6.844264365630515
6.812209174289858
6.829810899267764
6.895704556386453
6.772349199986717
6.733250071925832
6.801902313541467
6.749912412519256
6.7074779573637295
6.813845615833316
6.81405998758324
6.953392308422446
7.045200175868858
7.097772310901489
7.037492482343149
7.008021645135188
6.967270319511921
6.8554262968457556
6.832113020665186
6.873357000143128
7.014906295673272
6.862694011849573
6.7817121049527875
6.8102391906242135
6.869112616623861
6.860454005706516
6.788412788354286
6.928889210265627
6.871637128432287
6.7321171123874795
6.935471609756966
6.876654518767063
6.837370003831357
6.913800031241468
7.0303537909701035
7.095953812181131
7.129235288911782
7.114877555527056
7.098048482836953
7.078751895064551
7.092732869657957
7.049730927617422
7.060545329818591
7.007783741943054
7.007963132729252
7.010354592636816
6.991579078248933
7.005579484160503
6.968864974751781
7.1429867034992665
7.30272469639361
7.231562808572635
7.222657285247841
7.184224631083399
7.2198022057662925
7.185498905931402
7.202488991872669
7.211928533905195
7.224234206260584
7.241134361471431
7.217674618232171
7.222428463106445
7.221004441403917
7.254594627398078
7.2464482021065955
7.248988489109726
7.215906838482432
7.226559618366564
7.233699177488704
7.243597304261762
7.209083912889427
7.207383514729202
7.145186285378081
7.054643946763277
iteration 15
7.143872734303667
6.9553170339921575
6.981722215442331
6.7461421337897844
6.805264105983543
6.844962418863418
7.174686766824368
7.21200700042913
7.054652214862938
7.083619350807711
7.022600936823255
7.054380789032301
6.90084469834842
6.90314493994532
6.947411255953651
7.01925635659463
7.113340709508341
7.132930446990332
7.052680962427128
6.982497148791908
7.05269455558291
7.1105273324513485
7.03618909529823
6.979187459149597
7.014645502964739
7.068558921590685
7.072574048960221
7.103473937630042
7.07592833283571
7.0360671819788285
7.072249800675022
7.03584524884235
7.002799066077261
7.006496582892489
6.947614049485733
7.077051414933789
7.022965953061949
7.111654415159586
7.030361397948109
6.995185937625336
6.9852700797771865
7.012804280796978
7.005489670013169
6.96850439261581
6.96636118910243
6.974188534995225
7.054268861010465
7.175946687384941
7.167267131593215
7.129411776357517
7.177251466511389
7.197467514895136
7.1749003780027385
7.194236623505874
7.193958207878436
7.188345561100025
7.098384061348171
7.12823032181111
7.139250486453789
7.193745101841735
7.240390603910901
7.254247965600846
7.099789720594508
7.131359256025681
7.146068171068436
7.174858490570127
7.167819304558866
7.275588642866357
7.270511319288521
7.251542004683049
7.1599562856048795
7.1651778766570215
7.175267827114615
7.200740876768586
7.306633824526493
7.28067142116288
7.319875274797865
7.231885878669425
7.224158920642794
7.27617498689637
7.235890134611469
7.26785488266808
7.28626268224955
7.29373790342799
7.240673458630798
7.2244998648559875
7.224149431625963
7.196403058020825
7.191318509042352
7.1404696270704475
7.151243224987996
7.13593229711648
7.181661201298523
7.125632966309641
7.1451004917006165
7.084197169587401
7.1319268943871394
7.27566702743858
7.250563716064091
7.265623287841072
7.269512270697172
7.27178163758103
7.278359867452534
7.285953944698679
7.25257719880201
7.2404985626888
7.080938479499351
6.88587590288189
6.9740103601752095
6.96464329861751
6.996670873660342
7.013339791262442
6.981816025089806
6.989027768549843
6.9466847097266635
6.8231050339181305
7.00059641112007
6.972482179534898
7.026994289716032
7.068483524652078
iteration 16
7.184680609468103
7.371097856767672
7.226229006640099
7.063405591027811
7.163626372808718
7.129212553096218
7.093729557027815
7.131708701653672
7.267416462381871
7.328450225460056
7.306902144913834
7.377748217423743
7.319903749264666
7.232811643162493
7.198603330906114
7.095885504860584
7.117091709065014
7.29450974717449
7.281935685114158
7.2370815210825405
7.202172978301933
7.161494674163207
7.2380763422615075
7.3698109715749025
7.279642964033917
7.277121606463388
7.13604840417009
7.1168364879010895
7.305075961718858
7.243227977891604
7.241564124595059
7.46203906699299
7.2762370383602875
7.3063860340753015
7.227139106730621
7.228300654697357
7.167415501158927
7.251522849679691
7.154780154894012
7.196524464843415
7.065313275455502
7.0806280183006916
7.021521921037942
7.041864802927067
6.991477122194355
6.932355943820774
7.005157717729853
7.01604628713341
7.113471625913524
7.152144460257575
7.098237860294441
7.1003100237638215
7.147462371935335
7.131950409050379
7.200102087068774
7.138357480828722
7.095878965309896
7.190795339803611
7.142299975590688
7.109542787951942
7.376701413015582
7.4812459917069445
7.430012721058152
7.432209107451435
7.4386775398262515
7.4066701621191635
7.3990876142845226
7.359939312001938
7.364617852787223
7.360681204010778
7.365028259975324
7.212819950610809
7.265366082679749
7.2173107846808815
7.128722110937271
7.121713685149557
7.045906056651996
6.941557860124398
7.025336541416161
7.013659912279412
6.993063695813045
6.935324116989262
6.722507408928017
6.802460396098666
6.979174717657628
7.004411584974082
7.0032257865588114
7.007091374954613
7.040528035349677
7.157601340474125
7.117225939418771
7.055002275484596
7.028086874726982
7.009245808113337
7.034255791423575
6.980909089988487
6.983311746876953
7.027305802043578
7.021501738280617
6.953329541212878
6.944250477350628
6.969708060252957
6.972348858052845
6.934044316704088
6.862706193789024
6.779949688421677
6.871343254226438
6.895522674140241
6.910522460966266
7.007258850422203
6.958763697629738
6.987844891859964
6.984342515200084
6.929338031218043
6.837146552289316
6.765161016604151
6.7407694371127445
6.743873661033095
6.83289950751501
6.980523382168218
iteration 17
6.859928599042611
6.691925227863643
6.855558786962547
7.1593693672584
7.247529934717501
7.121096659122116
7.033087459294948
6.909998305804149
6.882119320357154
6.921380793756729
6.954545295982567
6.9394734769938555
6.8520169979376035
6.855052126600064
6.894348234559788
6.888918134332064
6.836901658022509
6.823189396583878
6.8672043445560655
6.838185327511359
6.900325050421588
6.80852455736378
6.848657352053675
6.7587423031889555
6.810959488835474
6.888517205384996
6.828049621168945
6.86629095749372
6.914437869470223
6.938550590649795
6.891278377455749
6.873189791004977
6.89208112527022
6.92342914674299
6.880520626065184
6.938341092417925
6.905543071255923
6.899446107470231
6.902663468087678
6.908609756960263
6.9246808409992555
6.871612549235121
6.8374441699670205
6.889645723882576
6.937083905867593
6.869703260290721
6.640614344732331
6.595638126065029
6.8484639067299495
6.85219522087885
6.863559081964172
6.752173531826962
6.739067659509203
6.754911583064204
6.788101400446486
6.7587324457723374
6.723598536827624
6.745647522549132
6.770349212305986
6.6976306604824245
6.661837668497997
6.438185690346315
6.36275893911524
6.370995470134518
6.390594147283552
6.407645635858772
6.407233505395937
6.412056818820244
6.374651318657449
6.37974183254367
6.228161380108936
6.517488414870927
6.740115041212244
6.732067325505868
6.7022335508353414
6.775054413457843
6.7645278346517115
6.679312068003872
6.5548557555177585
6.666623796974529
6.647339282445587
6.592783814645218
6.598963208656455
6.612001504545127
6.568129035686374
6.637459292065136
6.6602923101217835
6.597713624808332
6.651857131533314
6.646116149987365
6.535891513369555
6.624315541696053
6.659904963667134
6.6776449233457855
6.583835821703293
6.513091705941848
6.5216142524636895
6.575158728920478
6.528858177476275
6.527170749579008
6.509960832119072
6.554124813540153
6.529566714683004
6.429859089383293
6.5120327678457866
6.443234865770908
6.269647230295995
6.211930276667278
6.205708808054899
6.281147715519453
6.288132129940348
6.478967904774123
6.7049889076482705
6.623117609562481
6.460318424055131
6.266635833369037
6.351744151058437
6.469083970484948
6.52088409177186
6.566502430937646
iteration 18
6.999785926343117
6.582739365572082
6.899426470256889
7.0111722788527295
7.194792104265916
6.908065731260607
7.060939412183541
7.147416104032194
7.08555927435153
6.8266218172291495
6.921407486816042
6.935334742386996
6.9113736025796975
6.900126763900314
6.890692653960123
7.003475684179909
7.05763797721205
7.039230669639213
7.044382963401396
7.028890185678696
6.960949878537958
7.071320014405375
7.05434073783264
7.02550153362307
6.909175293086708
6.880018246294813
6.873604173168012
6.827015446252374
6.947601989253368
6.951113203698416
6.971954522907481
6.966607858221413
7.027570987191915
7.033311171769745
6.961479080714884
6.977717118982458
6.957532850015496
6.897672606401959
6.94171453827618
6.892803767097832
6.872846287145331
6.770997851238277
6.897085148098356
6.882333699564076
6.853205243953134
6.823447127632953
6.844928277673382
6.889184833182786
6.9448459734052514
6.9807555496915645
7.058384808805116
7.0233064955166515
6.994692859625485
7.105346453940293
7.017859883952086
7.060646304212307
6.960582434821387
7.0095573162584515
6.989418005876218
7.055357192777599
7.083719298375776
7.044745344043809
6.992644917157064
7.007510393856034
7.033385119602278
6.984218591119119
6.97608237154763
7.101206465956039
7.139953720814117
7.07321806881054
7.09260733534108
7.010074326764244
6.97416730933658
7.0117522329628965
7.016588146125661
7.034268177833601
7.121571365181008
6.996148507714637
7.052110239042845
7.094659461310318
7.0017432980589875
6.920818837637732
6.851830514127754
6.913005968411849
6.955341982598729
6.9184169998125675
6.899488567050174
6.985461911768771
6.9123804659931976
6.900837063725858
6.889876379124031
6.865901418008537
6.869721573437532
6.886831858816696
6.838626040761725
6.874332653436646
6.880437440383341
6.908961810476943
6.852087465651027
6.8471968069124545
6.862775241786976
6.845863812148594
6.852978907000448
6.876454500817482
6.863021786023183
6.852870248053092
6.907622420664365
6.89407122536779
6.8374880574814405
6.773782516336264
6.683151458162879
6.666806868956004
6.626802149313156
6.733047701176301
6.802581052310248
6.782410908787346
6.78659101721799
6.795742835784693
6.789822099983253
6.787239361269609
iteration 19
6.972386085497939
6.868944591974245
6.967547752965287
7.013595964599838
7.1705579241886435
7.133713984629238
6.845967856548607
6.889856511675677
6.906280184047738
6.851714450623692
6.942040815881569
6.917892273129901
6.86777326159012
6.892690683901715
6.9222648813159084
6.837082520466768
6.821667320643309
6.896526668513315
6.864115187772679
6.90405544827273
6.945898460319895
6.970018448018731
6.9487298773496216
6.979049399014415
6.8727986114523745
6.813625950530084
6.872967260342234
6.871586108624869
6.907755461071835
6.90038536600741
6.9212384490934085
6.894477071696823
6.964174711759183
6.8875193392871585
6.67302172737589
6.717587466583915
6.825038560949469
6.79413250909354
6.874057781812106
6.618128972203704
6.7276485844424645
6.824877171092022
6.887241879606861
6.784805073872266
6.781118035766825
6.869271008617891
6.891872911672458
6.966452138093721
6.98405577291862
7.0322019806332685
7.081645022480587
7.094702892357909
7.056603114752978
6.970389645642027
7.07659154499448
7.106386809045437
7.091560962148329
7.082682063560738
7.077762280739775
6.9847535054979835
6.989820512260371
6.999158395564719
7.049952790718599
7.002528794014839
7.132804914717716
7.053987170212354
6.962404095499356
6.975118852081894
7.092532754230927
7.124350037052206
7.200011687478639
7.2226615672026115
7.27083530843744
7.216911511538541
7.166475223275809
7.203939161363852
7.230037949990425
7.318266899700513
7.277918597164879
7.1589294521207965
7.1866847584812845
7.196444582727353
7.181800276446084
7.187517027453293
7.157981946003636
7.153007556871804
7.195467604935593
7.132803048894134
7.2209645247070045
7.3114046614665495
7.336678638220532
7.325012579674577
7.299912342234601
7.359811169773263
7.319212088262276
7.302141584474446
7.360040348756838
7.375612045380277
7.350984155711801
7.3197251908985015
7.3464272801683705
7.298773919193223
7.121819298003697
7.1920702735648465
7.277139432701523
7.237376903228088
7.299791589112661
7.260026922618297
7.354550134615621
7.337844462613731
7.2274219545955285
7.274381050138669
7.390576359988571
7.389137397451442
7.369047214513361
7.26623738209031
7.209449674497631
7.298314007393129
7.318987622734118
7.1574167444488515
iteration 20
6.919123267037103
7.001699701223884
6.8583827325285345
6.902457021273927
6.901692843070832
6.865048140897447
6.760668185197718
6.8957341363947675
6.909256083629937
6.969215635154354
6.974249089162999
6.7951260750293905
6.829308968665024
6.981468362089126
7.031705454247191
6.922690391312426
7.0456440544687355
7.019073490188448
6.8690958708668965
6.935227105929885
7.114912012822474
7.079731509274717
7.048042109578092
7.125580399497709
7.218821171948566
7.114970925120593
7.23809582481082
7.200547651747413
7.190592046442082
7.225581220909496
7.100711884278404
7.22230420698552
7.261865211806602
7.192265306621842
7.107621226336342
7.0641436360918535
6.811002602978996
6.78910858464113
6.830374545953054
6.794424659182201
6.830511486652045
6.794864511996803
6.789603186514503
6.713768639000986
6.671860888031035
6.740755032738324
6.761951292163247
6.829100499693334
6.89208204702877
6.7857509039526756
6.83847706832609
6.74627066568058
6.870487370510501
6.757590016588715
6.75399574713718
6.605030620474614
6.731823489984111
6.828014997639977
6.798909620637696
6.747196470308477
6.806881313387945
6.8119958690791
6.78581804695332
6.7381676244245945
6.633640408160436
6.6279867904536305
6.570673774642736
6.685107537670216
6.585588547763424
6.607450470119135
6.65962653673925
6.616095001038182
6.641247087477008
6.656567071141433
6.633492975593421
6.481348886239651
6.496891452987171
6.368758630928089
6.386718914559649
6.594022129091685
6.634387896576819
6.598219294000392
6.5867402999444895
6.686946399016071
6.819502694692569
6.86549780975879
6.8446792531456735
6.709155127784414
6.635665564905118
6.588458040061442
6.699281943350626
6.932250006051497
6.894069648331672
6.786255098281584
6.753831858972754
6.800825879447152
6.822706998937271
6.923931087093897
6.7679548244262335
6.704918014182058
6.5882333825151775
6.729107162403166
6.772015418325817
6.865112939068318
6.865599843591161
6.807585641389328
6.842829917774774
6.91020373017033
6.867595859082121
6.689527930739578
6.709228641003405
6.742183952828594
6.758646848680338
6.778543967757933
6.8129342079249895
6.771948788304492
6.727795606095233
6.725242909296733
6.747853602048097
6.774027676361591
iteration 21
