nb_arms = 8, budget = 3
02:15:40
iteration 1
6.019655672693107
4.776649199160775
5.445392087390136
5.802946463296308
5.29334309696569
4.959507734468327
4.4452329091587295
3.936891335860031
3.6310445059039136
3.335097295354452
3.257602167175286
3.158427526128147
2.88367904176862
2.807062601808144
2.7559945818071627
2.9301462607125797
2.7895985758877027
2.8053068107240806
2.8322608549334056
3.089092497695843
3.3569652621841506
3.3746937187952035
3.791624097058596
3.8716342485117288
4.17198029809633
4.319345110000056
4.761974095005702
4.972510963280498
5.046569426999059
5.186566019150061
5.196689228586312
5.196305676410178
5.283892741984037
5.194062578114626
5.120423544883919
5.195703934679688
5.584056226517571
5.549239029209271
5.453936889621657
5.480499847426449
5.592383618841003
5.51034329772134
5.439116653078115
5.047507758926892
4.804322472089755
5.019343875800561
5.031849107112219
5.112470529096596
5.060660983528067
5.059975828037995
5.162390925777369
5.127779158941831
5.073716998618029
5.07278926551315
5.080867016731883
5.0314585707320365
5.151484263467223
5.106669420878491
5.104131180575965
5.0727432351353805
5.103131299571988
5.119925344622733
5.0906287236316965
5.025005475878667
5.031727478372922
5.137865604113981
5.139408778080707
5.099503360192278
5.245879438996159
5.2275544179918265
5.166396812566435
5.3367704108089296
5.492551018384638
5.424914893681078
5.384037329795831
5.534955605310441
5.617844937266999
6.384594637040728
6.624586160038479
6.648400831024261
6.646548096809734
6.63716049435915
6.59207025586513
6.645661335716471
6.636566580686848
6.640899908925488
6.6676023275933165
6.68469807282058
6.624275886460186
6.597459722253805
6.587496036307135
6.569817499214116
6.665514284087718
6.636265997694706
6.64731875493896
6.640338746826161
6.60392881649725
6.459927834636354
6.49980847217
6.468351823941257
6.599971571571401
6.675701220599116
6.6047811567967365
6.534356938837581
6.603948258284253
6.663622100282452
6.637732089035565
6.627185075792474
6.630854716446407
6.660852171915496
6.669151536755924
6.655990885945961
6.593274542225527
6.640987804504037
6.569567539170173
6.637131434067044
6.643820640564304
6.566428710722846
6.611834361530371
6.620730370419494
iteration 2
6.770889430448475
5.345726760957547
6.12649376144632
6.648280246730062
5.927629885402722
4.726334511897614
4.528098333708872
4.488378059814166
4.735611628364752
4.901290446841736
4.987363541464767
5.100648117461742
5.34783649542837
5.472727813021932
6.0294304697633505
5.963583622009142
5.661599050462843
5.6577315616141695
5.7290834956681875
5.826954375696852
6.37539376530243
6.852135871900995
6.896166906751143
6.874500926198017
6.768671757952389
6.5591108068446635
6.3223776359877295
6.204602870253214
6.040939686686781
5.83203672333825
5.780325758582369
5.679026493174916
5.720865726682065
6.038936138306073
6.058884930827251
6.106654226101979
6.047660580177018
6.0748739304743795
6.175556730184119
6.212025027118439
6.133940192610305
6.1745019062765145
6.239860165251489
6.370322428945309
6.245563584252981
6.082494091314551
6.003374649804693
6.118070210547646
6.144927884350119
6.16401970047468
6.1043502107354275
6.477329355164491
6.908899273906074
6.870168744203982
6.939901241041234
6.856850220815494
6.781463769217611
6.828133348151195
6.838097352008759
6.817734420766691
6.7758389741265095
6.844474751731997
6.812146200222051
6.727247046198851
6.797381552770762
7.01082792686474
7.061661450228314
7.013802761772224
7.054053355298364
7.054672552743211
7.064872998232748
7.050836504522549
7.048281566879509
7.0934335011269
7.154469976550395
7.129548168789302
7.072751885942412
7.076908533236068
7.095976977760378
7.106893989541911
7.135689568044529
7.141184076696373
7.119318203040706
7.123772640171665
7.097768345444121
7.1091127642180005
7.080993750260559
7.080761795430701
7.101127965332836
7.143941131898198
7.081917928192832
7.047827405022209
7.048120771197363
7.097812516788574
7.106810628573632
7.111218582504554
7.069601735785691
7.1496676873767875
7.149103298628039
7.186877898846368
7.156940695522029
7.094826413275784
7.061320681107419
7.08629636863662
7.081351283009053
7.03151833367524
6.862759425032412
6.905471259396665
6.936728209336454
6.768751206631534
6.75320786931665
6.953161594838386
6.983675282982486
7.028755594954525
7.028777865211099
7.0534712290357025
6.967897241654341
7.044208259939512
7.042075370133079
7.0292377831875426
iteration 3
6.385189290286501
4.571497631365434
4.49683382489238
4.47857047090411
4.068616091299981
3.785063807622744
3.683741678320624
3.7372826967219583
3.673099815004033
3.7419534089719697
3.8138118033996515
3.7958041619439546
3.9790328179652086
4.068251268545155
3.9796090744561936
3.982411144197888
3.962190519613159
4.022158314992825
3.9149311636393453
3.9870996392418707
4.096316789069647
4.344966069344525
4.933433357234112
4.839826972695991
4.9310559281186315
4.85638039030374
4.9250021340271015
5.528542272849243
5.701054702645791
5.761791981262906
5.729183229607761
5.8138094332979975
6.095855869321339
6.0077209361699575
6.170480355108762
6.662785600325613
6.559564269428083
6.582687900717183
6.63608816894461
6.794470653908603
6.77219002332016
6.644846625331002
6.705440361887991
6.7024650566806905
6.73625055665509
6.863194329774999
6.759249242714751
6.868962069123353
7.001134448593465
7.156031460466377
7.1766676797218425
7.138396793640929
7.106553818384702
7.076110474955093
7.124336220362087
7.17305323518929
7.19492949438396
7.248625481153999
7.2135379449696355
7.242162703906087
7.156956389438209
7.108283553088354
7.1654314637913545
7.2280041910226736
7.234219931934016
7.266421034206797
7.306536989748195
7.288874917634741
7.260446847474291
7.296581719539114
7.218858011923366
7.261280045040634
7.28238257042796
7.3088047932127145
7.275734971277006
7.217349433442025
7.199601145323473
7.1960483455434305
7.226940434991039
7.212879799029434
7.177440653573743
7.2758752649120275
7.27081139675993
7.298420397740922
7.296597960852881
7.25951863533327
7.202918002631138
7.1566791870950235
7.209438996754454
7.228145638843591
7.3694878292005885
7.171277484276159
6.915924399994392
6.674234427663766
6.519181399189564
6.565615504661895
6.573549247931754
6.551160575653176
6.569378141656089
6.451914947871849
6.528812762706666
6.535582317189645
6.631529330320081
6.570639398239653
6.563822502895902
6.5469514349065125
6.594272650878852
6.58193642524354
6.560529377800087
6.540505613258357
6.614079285815518
6.696467214470416
6.567943174722509
7.135504781862814
7.483263060066107
7.484122850566721
7.511032972229549
7.497350806453393
7.4603082504002245
7.475110283566283
iteration 4
6.914150341659155
6.461873670664713
6.8686512372209165
6.763104913691817
6.06093358798001
5.134973417005059
5.406605109457137
5.54665687754276
5.520194210115527
5.585866670500662
6.302192355972352
6.525424050074617
6.230603548679569
6.233767760267751
6.253649235307136
6.387927623116935
6.60516620614345
6.276683972086517
5.690054686818618
5.200473824652074
4.971083477359759
4.90342688862794
5.258364139278479
5.812675846159875
6.2768719847950605
6.217975278027095
6.159975887256653
5.857119825949969
5.938607929807275
6.2802729290916295
6.662994658748935
6.5598106325320735
6.616942444479003
6.680197025425457
6.667667644534184
6.516592750034529
6.431540076604141
6.460623885814617
6.470904196238374
6.5348939286105185
6.546213510539405
6.498737095869098
6.482634378809406
6.318346332729567
6.243972581979855
6.205939174130432
6.267024759716556
6.236198449133932
6.296008067143549
6.199812245959262
6.189986487728844
6.337066839287782
6.334976833682525
6.0046624706235265
5.982239270303102
6.066580982709735
6.022954161054669
5.954995519780722
6.019932305796808
5.9919850758651885
6.055993866992035
6.067268378863004
6.303507880218365
6.330537206047216
6.407977041448408
7.213775853116816
7.327612861158924
7.35382273885056
7.326167047438417
7.31864958210469
7.336131300144226
7.306802132653915
7.314901787160291
7.329142247379708
7.356707868880618
7.3200136475337265
7.290933365776627
7.306164920469037
7.298596447018543
7.315500424132083
7.3148064967721975
7.381524129991808
7.38268374346792
7.376838604007831
7.443436167933364
7.403288332500794
7.39125393963889
7.363580771921918
7.323993593149884
7.360177812363504
7.382927518588857
7.339144433506736
7.408237722728785
7.465936345673616
7.547200376773162
7.5536460153088285
7.521140671713356
7.493365953935521
7.419323831513262
7.35864933192303
7.366692840966354
7.426839401493976
7.4635527813134255
7.424669275792814
7.374437214677171
7.4150393917019395
7.42665689709753
7.44774167772396
7.4206940502386916
7.413688971066547
7.41868308313064
7.405226564394112
7.523844974017436
7.545563058028631
7.429380328685603
7.421606654256988
7.4299630880025775
7.284927975114247
7.311150913523725
7.382982244273881
iteration 5
6.271825956527888
5.272163112377861
4.736588781146976
4.504903057602277
4.859235981396852
4.604529753979296
4.728895064864988
4.721117728619101
4.154477122504603
4.374957138738557
4.685863273577871
4.536507428400141
4.657074020359907
4.713955511246909
4.716227740842664
4.6171736693335985
4.871477533370723
5.014085745567694
5.176140337840846
5.21658893316368
5.19217277836402
5.3651264822023075
5.312020229039391
5.751773361431959
6.55982712467598
6.596202849611976
6.612529493545721
6.465214534473389
6.438279303155215
6.503780364993076
6.551441641191571
6.49225657928656
6.435287520297098
6.464866953333016
6.479161571434339
6.541402048677823
6.5059619150431
6.455796134869487
6.462052831200334
6.525791333701302
6.610427720298977
6.833961389195127
7.009772409655417
7.037931335425055
7.172038763623233
7.389123460648955
7.348934950580168
7.228625809756742
7.032249329526324
7.11003365355551
7.281017496838547
7.440248725450833
7.468237094164733
7.4269718276586865
7.408909274666919
7.47050964025384
7.541528138087983
7.542024569911495
7.502645542713736
7.453261922365457
7.500483023817418
7.53452554613211
7.518203171222889
7.4477399397565796
7.412352643454076
7.425117369314519
7.471246651467521
7.534998638331209
7.519308045690975
7.54779155779845
7.54468900778392
7.485720492885118
7.429707368012557
7.4396561319824634
7.458320853548241
7.472969682434188
7.485681799957355
7.458533853440779
7.472869690370338
7.486109732126936
7.4987169243792176
7.480791374033141
7.487149343111303
7.532529063359897
7.48755402805604
7.473715107768818
7.441662455795284
7.5311833307847
7.53949780296458
7.504936381774462
7.535233586516413
7.500157026265438
7.523144136968483
7.5118075235409085
7.491986389939914
7.484862603463945
7.518024588884914
7.542284177162241
7.47437513090335
7.492481562480905
7.502266154487388
7.538632502092436
7.531114200121516
7.527712042060658
7.507505935058272
7.426482905683826
7.508519015001205
7.526091784805576
7.476825757162983
7.415462158250639
7.478895034214431
7.5197777792285105
7.5171766171141
7.570021824995045
7.5211080366980525
7.5344154010725495
7.4426905053197325
7.483004333179443
7.507463051661721
7.49790028973527
iteration 6
6.633793511989228
5.322194170610346
5.756891795741483
6.169361171307938
5.652724347486482
4.851703587932762
4.667971288517378
5.311257786974977
5.388335635792364
5.179164549575594
5.100797885067093
5.206860909282905
5.15683995188709
5.222418834328172
5.22682801747904
5.397254759292715
5.525992380555953
5.393491680752134
5.931489158648131
6.642556781621039
6.387095987281336
6.276713452339842
6.568263389821096
6.683360469584594
6.705793218608648
6.601102465164375
6.614185450170936
6.831855902552012
6.842313108626198
6.950603491363141
7.5788094321290815
7.64040315046592
7.6687102894639745
7.68164855505766
7.648947606437502
7.654102105404922
7.666793450285079
7.683981654928495
7.685554971328831
7.638223089180687
7.666009515786479
7.611863836749352
7.624114257238336
7.661898210066715
7.629716090886088
7.636692668466716
7.591403046438716
7.5078384538249985
7.434825639991776
7.431356921152553
7.44993419367397
7.488693944995198
7.492926481757908
7.4955225663716165
7.498525803720762
7.516979630034577
7.417847375459778
7.43059951050108
7.403782201970265
7.347507533981734
7.39738853369616
7.413272187808448
7.386292990579457
7.388661203128803
7.367577807075885
7.384357732633004
7.387527168600668
7.3833387360842915
7.352078118151602
7.371852892736184
7.363006863380507
7.379775910349261
7.356436761443658
7.3782609219467705
7.40092595482681
7.373340096237489
7.357834602807171
7.364605381554151
7.373386941285534
7.503911307473704
7.468149508992314
7.407864782433692
7.415278859021349
7.386909398341316
7.4168658543060495
7.423950214021387
7.398103880964697
7.425330485918063
7.42522050528337
7.461255650558811
7.4983756643178685
7.501864435360245
7.448871962593262
7.461122488773096
7.454565296841139
7.430427853324668
7.438911576843716
7.487210925818922
7.489718423363444
7.458573834387615
7.466922658282716
7.477459407267392
7.478586685079226
7.456495564815379
7.159494712879629
6.939936307023606
6.718052572447579
6.665366545043003
6.7412269442459065
6.9389918858210216
7.406419798820998
7.520431496240382
7.477841144199183
7.415910310777362
7.388401501603327
7.484102799321996
7.493033762358293
7.491837530146016
7.482663662537942
7.486917136863396
iteration 7
6.6958440284401135
5.010107753268239
5.170127138724564
4.762503019039719
4.988351587023087
5.305275527015497
4.483175590278446
3.9772817194397
4.156502115068496
4.223403478420902
4.169224671105784
4.12935405677137
3.9522741779773622
3.977684912921737
4.261737663962223
4.5844263944460115
4.975443848110123
5.829677130758471
6.037026652090285
5.882641076545639
5.817196293017523
5.802970468355231
5.700898201044879
5.985038510417837
6.246772420261058
6.0435194201344355
6.191380247323062
6.2468222116466485
6.211956979952735
6.113343041138604
6.077485859375791
6.049066928322276
6.2941522230377025
6.224651095630915
6.1876196743130905
6.073376525835142
6.095468491037614
6.003074940661399
5.881248378006026
6.0735085874042944
6.1196232837095215
6.085547042722293
6.2208364917171055
6.245582870529867
6.23906592452285
6.153850366171319
6.34757759285306
6.40448363799118
6.231429169728383
6.157242617760918
5.946360259781361
5.996508072871946
6.100057963526629
6.1182804940143125
6.164431835312095
5.850195599987451
5.8508355098902225
5.960905597003475
6.002202112850149
6.009540136546991
6.005128399753752
6.030728462367112
6.066433065862462
6.091223266613924
6.1285737669965075
6.154281830591191
6.133246266697456
6.12148224971437
6.117270590360484
6.194167890901215
6.367253864436575
6.402235184154509
6.251434230362381
6.352606836880187
6.464651932306584
6.464828495724735
6.376109916566886
6.345291400501708
6.407170282504065
6.986154958596327
7.027653764701649
7.0154167707892965
6.961986131801849
6.969866464408177
6.906637395228749
6.9611555733458035
6.96889158761028
7.071222650073564
7.034729212194905
6.949956590469898
7.025379035226235
7.110432090964847
7.066807631890096
7.207534306608353
7.263261236185517
7.1192788197392645
7.137035112101688
7.1046700618602445
7.135988846194811
7.10320087758157
7.157512354426796
7.211704719897617
7.368962420315229
7.309577269718236
7.354449529826557
7.376392103105678
7.315621684788587
7.415160741542704
7.455385761926756
7.391303133361141
7.356116733753339
7.34699549737261
7.236686574313046
7.374495007492836
7.4674433809487395
7.484825384762644
7.450452085065985
7.443165751062402
7.427504859140502
7.393832926051838
iteration 8
7.070638867592983
6.741052958484304
6.329841239017603
6.867930352385052
6.633058076099771
5.954531344656312
5.77345438924613
5.561376428586713
5.707587788487622
5.619685885742236
5.509930006426555
5.54896298637482
5.595205350164008
5.52791789722001
5.5740678049100385
5.7045923834537
5.617520532478563
5.720908514910649
6.144437584075057
6.176656322162282
6.187533453530361
6.326615296515139
6.438934948746838
6.372335330863167
6.334673056391994
6.344712847085692
6.354506154873725
6.42262566490565
6.50942868346061
6.358408532950624
6.306805564407623
6.328685493118827
6.350082388783615
6.390459065989059
5.99060612977477
5.612397531283035
5.334194354213221
5.302557718905903
5.220318440365276
5.3092478245536485
5.984860384276004
5.852877670523185
5.750001135497642
5.650483285897253
5.603189859900708
5.360318459585103
5.348076234916879
5.588526481560772
6.161923188245105
6.699620169039403
6.6232759263726075
6.6342549923289065
6.700723906062866
6.70093146825768
6.698036345356562
6.7209453205606655
6.7206584001962195
6.733172948862827
6.736875020730694
6.767061181046229
6.78116800368056
6.860497900402658
6.907994897814778
6.8539778351058045
6.809463189559954
6.931809239442998
6.95084615852305
6.93323689718714
6.893786020132423
6.922810079506226
6.896522216955725
6.958000736717043
6.95218828931161
7.001531808630848
7.0185862310813585
6.9973303196144885
7.010941009555641
6.940900389334456
6.873632896834902
6.952817980809776
7.125616430624873
7.3139199658903635
7.362828721663766
7.382752640013909
7.323956318255598
7.235233534743913
7.235296377733078
7.24211569308547
7.516146880613537
7.412411380232976
7.360337803070621
7.540567798973704
7.358007775669742
7.3639726351383095
7.40924780917393
7.494208658215237
7.48053903145075
7.535184478682632
7.5719572358952
7.454944709306871
7.537353272140089
7.395090901812041
7.408994554653908
7.454707536337114
7.552634442792851
7.545613415204416
7.563568581558006
7.532973253275474
7.554840012937611
7.572030775385981
7.553352360297959
7.537220835164917
7.55543443440447
7.535145321979952
7.519981178475536
7.460966647859468
7.518918873126748
7.481636154247793
7.474589357458027
7.486905123912821
iteration 9
7.095994168970702
6.337486480175053
6.096866750252607
6.423727718018702
5.940000355506454
5.7328713140640435
5.55492294395853
5.4637692986002175
5.528067703341647
5.633961320846339
5.56293437261078
5.490502048788219
5.521704445121912
5.602759541764427
5.602393122990958
5.447410215793398
5.449905431516455
5.5240086617326885
5.526803359007698
5.632598158688751
5.71226465512318
5.863563937993505
5.775291911535483
5.737869627910668
5.682537316239996
5.719246248063337
5.829197017224604
6.248339876901963
6.344183265264597
6.775029335056897
7.030217869231323
7.399643981932163
7.251703055168613
7.127635434150125
7.013251586530185
7.031574356286326
6.94840550259335
6.838267483327486
6.484615252350957
6.498097608036445
6.4795160165205985
6.371184856905847
6.263392950014042
5.884048288875781
5.70699724306137
5.711173117754641
5.828899970486907
6.212872475399838
6.348445731329939
6.539674739255587
6.608949789762537
6.685867878347221
6.6575691078638535
6.653179070669889
6.703453523722712
6.694838267891693
6.660559407980466
6.697805409629979
6.672182647328358
6.607266862112627
6.65117073538575
6.6577703382927504
6.6508668736583525
6.567856913828443
6.596557903127388
6.554414347954429
6.558013303996055
6.640011306314989
6.730837379004339
6.733640884809416
6.597373622346572
6.636470551764994
6.713900527631512
6.7774676552381665
6.740667436469449
6.7506281996143
6.817674725152539
6.80995877375023
6.893226736987445
6.864050686271645
6.902833731051778
6.796617595167235
7.0607768464498815
7.315795593587662
7.3475108436914764
7.352007586167786
7.34601199228955
7.368267539560164
7.348877875404662
7.39765787384995
7.388895890651336
7.389904549638293
7.273728181092748
7.408735168650494
7.470708443508486
7.5151445845113765
7.505894093455551
7.447301638167865
7.432579666579434
7.353736925678137
7.369427072679821
7.448379652125885
7.480675526231515
7.43100369881786
7.471702884038424
7.384105315029456
7.3654256283254504
7.382837830027778
7.374914770273736
7.458864089160101
7.425728874540229
7.485853259196463
7.4709939696832235
7.476170142281295
7.511248031345863
7.455332101717046
7.456631624556723
7.465747622002958
7.385884769885202
7.419767429988223
iteration 10
6.451073321232147
6.137393106090888
6.6616188981921365
5.801347613342439
4.323684104100767
2.9174825440001455
2.6025366783682164
2.9034761201126713
3.1177925185164406
3.2433282859442314
3.477325661320478
3.1667190891509973
2.9111175620003586
3.03443117005762
3.585683851784046
3.7777390717929347
4.195823032609589
4.157000632664886
4.157837406345655
4.274868829058303
4.155590381681077
4.212940095824194
4.08316542920182
4.078309971873437
4.458867601666475
5.434966936549893
5.792892114103887
5.878874731952626
5.79969924715516
5.656416571463019
5.59081295495031
5.386333450682287
5.301214357511576
5.315534642448102
5.529149112291652
5.5511243108696355
5.495619577422355
5.832524591257435
6.240317988162892
6.156441856023031
6.057859045074314
6.005403039085466
6.061308432068684
6.241762377899205
6.121741995766762
5.75242122287202
5.4534174620098295
5.5191568968453
5.527669952164432
5.306113231190506
5.336230211207485
5.588469416992322
5.4737017731061455
5.452816365780194
5.371733392758753
5.32566009349366
5.398625274638218
5.514227173942397
5.623610997032201
5.964654088521667
5.947901128161909
6.007687834276996
6.032331168736834
6.05803127617023
6.035038872499605
6.001311936643937
5.957562114126821
5.988000711245103
6.737630406771251
6.921429729942289
6.926124455862152
6.896942540140859
6.8761329136563605
6.983859042235111
6.876746680293564
6.8202200616627
6.887682111131614
6.874310219749889
6.889094182048784
6.8650238501425305
6.866375301229686
6.931761862925477
6.921593736607176
6.9075628708414385
6.773002453890826
6.845876561572608
6.806712856025508
6.762519684656541
6.740860199848893
6.727123101788193
6.994930403540818
7.038652593041061
6.939767925622556
7.039467517203261
7.051746682681341
7.224452349703406
6.992140927508245
6.938417933791442
7.135819910887131
7.1586120719271955
7.156800697218699
7.143163382880291
7.118449921622017
7.2742966342970234
7.384122302404106
7.4394551940189775
7.396416205623575
7.391720769040124
7.357968018974415
7.424846857332467
7.447291175188484
7.412615189042284
7.465033965315059
7.418468012742438
7.476350097276751
7.376832362298737
7.435789593784259
7.479409218867887
7.479628787473915
7.510577627790016
iteration 11
6.555035675633482
5.0123065035601
5.110685783672036
4.920209119208943
5.079231261851563
4.535205833506781
4.2253913761946755
4.06867919553044
4.075697369526854
3.280347392588686
3.4356217601999326
3.319038263221951
3.377605447992786
3.326994406315501
3.4249083983811204
4.105553413753685
4.8731458966175225
4.914818152801714
4.92060927025544
4.872944946739684
4.819816385609203
4.906147736258919
4.702842313964016
4.30331431120814
4.031525920341121
3.7080616918944997
3.7175001595944197
3.9686845979153627
4.590484436281876
4.784246146895097
5.208245134846242
6.265023444419167
6.581241175036341
6.663068578244562
6.785416827046565
6.72713187965457
6.5422638267487265
6.349690870866609
6.269480328355234
6.100960300623363
6.086165832107851
6.046958918313502
5.929547689417864
6.001731687038623
6.039531924994166
6.1330304631504236
6.2963065621010905
6.325025790978567
6.137848720318633
6.09579595839687
6.099830356638442
6.005596139133801
6.136835479503699
6.169956975926181
6.02551916342294
6.215116250886581
6.263694683833363
6.301509002295308
6.354364469011727
6.431727836986137
6.433308288330678
6.632559709959089
6.736784784030562
6.849810329113829
6.759542068487041
6.765004524690903
6.594753489774311
6.687570333103411
6.715553849075512
6.588364722849971
6.5361259592789205
6.844547626418762
6.8090856527478
6.773845856801237
6.689001360176802
6.761172010512745
6.685506604786107
6.447727132905324
6.359429594278115
6.49489429060622
6.560253862581594
6.57120650386949
6.431338353152118
6.467450821004824
6.4388954493109125
6.541915195297822
6.56280116229865
6.66873485579041
6.65582895750662
6.3927485505063
6.323552235157511
6.295569513045056
6.483996707034111
6.468720052788435
6.696354793557533
6.703265734841011
6.873844218016517
6.743226280279522
6.793430546388424
6.832679915744426
6.917675465527516
6.896879940607305
6.888069155395517
7.059496497529177
7.014205846912302
6.961621021972959
7.012547834998785
6.872356275802832
6.859170056657276
6.900301394088025
6.983590730036116
6.98513478564273
6.973132824172265
7.075617399254874
6.932035959951282
6.90442500437994
6.967051078301122
6.864838951767309
6.892385706307202
6.866839856607344
iteration 12
6.20646369412002
5.416341052113849
4.9994727796613345
5.106052048124329
4.764567210928734
4.722861784625305
4.757012733273444
4.140918624180045
3.7550664036248667
3.67247559816569
3.678314130828225
3.7909171980162144
3.8325404495753865
4.2732913289812275
4.408043374434335
4.172867015328695
4.2566179742138015
4.959264655893069
5.264692138454382
5.038584659825722
5.034438536836598
5.127657922565744
5.0929847654238385
5.185039319950258
5.2809852844336795
5.3254339489885965
5.427502442900188
5.497375624749951
5.621547328284979
5.998594884702573
6.573590792522274
6.635632181661741
6.521495236909978
6.310223947080815
6.129621625778718
5.953111664154669
5.905913129749532
5.747308440262617
5.6380935716501925
5.5944586503282405
5.548593839915665
5.577602148231716
5.627823998290973
5.5279692121487995
5.5214677748154894
5.5293905751594545
5.5546326697751045
5.703484682510824
5.909216921978164
6.113525671236105
6.064572466005493
6.150733851338683
6.300178922628881
6.367115027487205
6.525979556093749
6.521701479491068
6.439501271703616
6.512245967266683
6.542015129238495
6.482591820436927
6.581160024272058
6.568958167532956
6.711130180942458
6.678046753192175
6.58148764473617
6.716903619778924
6.713414686241376
6.624076474797261
6.65698860833563
6.74019851597394
6.702872566248297
6.7514757799274046
6.694172834857609
6.660533203874444
6.715816838732263
6.627603454374219
6.6016512147781565
6.670098899649477
6.629152507673443
6.6289810070104656
6.6574734494199115
6.708195393015159
6.694587166880541
6.680072649178779
6.671064236880145
6.668398695035098
6.773715063208641
6.830977141491015
6.865556398589103
6.809042185387736
6.766373226355438
6.793635981407683
6.849826967112961
6.869343276041714
6.82999644377449
6.762070002746882
6.858653570118903
6.924193390230471
6.856120217809091
6.802146836337011
6.836400503485484
6.7944651281528605
6.765485497720394
6.8123757965608975
6.835093474766227
6.768852168212959
6.94092393713761
6.959649701596748
6.885098200652538
7.074645055721329
7.147378869687182
7.077177967827947
7.190295249843374
7.1912440462725336
7.168830438677145
7.091867192135368
7.227941995704268
7.197880942849377
7.152877239986823
7.064374845561782
iteration 13
6.805135472790491
6.234817366065435
5.762913774133313
6.409460420956744
5.527182968764155
4.4957170572757255
3.6967223169697196
4.215834187170525
4.123819647041076
4.270407379091623
4.164731576383099
4.797612842435603
4.993347641923371
5.072333597648944
4.990111644183725
4.910420947644748
5.958895011758862
5.64689775422434
5.1593332450926646
4.853074101518177
5.41665035742726
5.415823697994715
4.9121434713867185
4.731968937464751
4.717797248753013
4.843555698923301
4.822545367926693
5.288440263502021
5.445300884209371
5.765903988929603
5.707633740602975
5.71614711969806
5.428527735948449
5.290289308418015
5.1610941438495725
5.109791034756746
5.0100766619028505
5.019067423156145
5.0424514733461425
4.969043944878137
4.881810768643813
4.852602816918868
4.815920388579448
4.870993327152986
4.846432027124521
4.771482566269358
4.724469935232389
4.593077748477145
4.657268741292821
4.672704598238846
4.649321257069617
4.644038626788111
4.596796692495694
4.631623487389166
4.738346349001295
4.693965537849934
4.632030869598938
4.7597128614275315
4.71148255318489
5.0980753427036625
5.375713269201294
5.6948537461015505
5.612246833733086
5.844297507168765
5.837426925770908
5.910524344920743
5.753121163305345
5.7271091822523825
5.620069457805937
5.678516790191364
5.81542509920029
5.859495718012933
5.87822492380367
5.715039463692383
5.86054090319146
5.816413727757013
5.96593786714938
5.917308031820599
5.886062440290203
6.012821592981525
6.063196719344915
6.316954866741963
6.617108580071405
6.65835362124048
6.618908044015507
6.526007071010143
6.619683456351173
6.566179092277065
6.457750086359278
6.526630097410655
6.483049420870015
6.291561704503555
6.281487157042102
6.256286390388429
6.219660147171977
6.241059116080589
6.305747493166796
6.468999366997873
6.400119484976657
6.345664004000615
6.401375045626165
6.470566772494005
6.516078685053275
6.436205040661462
6.489827516334096
6.671657279878847
6.5701603431139945
6.6249491916451255
6.697344019482983
6.640337818352117
6.630373352462362
6.635751188359858
6.762950870970269
6.880840904182966
7.099671294941106
7.353582209893993
7.354894771176274
7.4378098613291375
7.272020620155092
7.408786291885446
iteration 14
6.90387381549572
5.749624173182124
6.582011556976564
6.891243865668527
6.56564717810182
5.356970822111849
5.265364622209022
4.993887494970897
4.645759474425174
4.304859006049632
4.078774397597877
4.304636530595941
5.060503973531458
5.143714805677906
5.1368996147996855
5.0949209814397385
5.155581525237051
5.727934235203626
5.645728183920721
5.882878864791752
6.020652191754141
5.5552573322391865
5.087627643010522
5.173415135730896
5.3124087546088345
5.241993795648421
5.4344916826686465
5.956849635669362
6.219212444594897
6.462584510009822
6.297992410397434
6.193163441812848
6.1518805326420365
6.091054348357406
6.186456390766776
6.388611132492928
6.564031083244422
6.616961418917356
6.6502791590854295
6.642606806520913
6.542934806483292
6.7251622685287895
6.748923011998751
6.721068023975869
6.7592930156708375
6.910665166884566
6.872963279761843
6.984471184939012
7.0461128083513
6.994554774416355
7.113982324248709
7.123020913728777
7.05253802272717
6.971771098351688
6.980845986367382
7.059599347115178
7.032257871559766
7.029667022607606
7.156465468381532
7.122791157247951
6.874001232649341
6.663236701501976
6.7139652768503195
6.853028370683967
6.715376845923994
6.888017983884842
6.851009535952833
6.851606142695597
6.757416284122353
6.977594316331151
7.043464940285641
7.033590929704817
6.9526155114788795
6.910329474894385
7.008871225717733
7.028146700348741
7.122136756907966
7.208894811635694
7.221490312356126
7.204195889862631
7.191234460689597
7.294301040194444
7.259950092178818
7.254649315281167
7.283794394299474
7.374215285426892
7.3648173672524555
7.32083600527535
7.278188341600115
7.31560299989401
7.392959530639835
7.358978396083079
7.37197478394687
7.348776124218689
7.398510814028169
7.377995361352539
7.364387722571129
7.347194691112082
7.38458732495409
7.419540960929241
7.398948970966412
7.3460199540349995
7.32961230303238
7.398042864598429
7.361895558884209
7.362901357948948
7.3852216522349465
7.407605023071692
7.435177954829877
7.4210485457829165
7.415084590565599
7.390876971034674
7.380466620334789
7.4080119857526645
7.406356382126247
7.42758552243289
7.403619468052943
7.36226248199672
7.396914989028512
7.4001966182771035
iteration 15
6.376122855543003
5.575756360308369
5.601878872906975
5.540254954876844
4.861565262960566
3.9469836023273657
3.2515271309388605
2.8840761931907593
2.755841228743372
2.77190630878293
2.9216080068405375
3.1789157619590402
3.726928680591643
4.0915088478522215
4.291004495452878
4.36100043585831
4.74335113022074
5.034731445002357
4.93269328413876
4.943761080773822
4.97067535198953
4.948770817322384
5.336490226025221
5.358173676930486
5.1914458102772985
5.183521460554016
5.457731743050675
5.556038434291647
5.63104653171397
5.69816372224323
5.748591300802541
5.900260415214794
5.880024812836395
5.872159862262757
5.627720165199544
5.638001433789648
5.5265697805087655
5.393515870389843
5.373956537177718
5.452454829715461
5.411030039452479
5.475337154380624
5.574690521734903
5.45683114370407
5.506325561011749
5.400094444543603
5.440986660801574
5.37770663365539
5.411540242276204
5.4286248728008415
5.452456200024889
5.507904657812206
5.560315508349692
5.6236416836761824
5.6530720575847955
5.606852077760772
5.658734375300994
5.813179197218677
5.839044190204724
5.829048336774935
5.797562412835219
5.819072101199022
5.782531404785783
5.80288015434963
5.841506600989349
5.84198861063746
5.8048499247765415
5.8299547026625165
6.424874328133691
6.078246056926369
6.052559825843612
6.123890957599392
6.297281971656435
6.273183715593564
6.204278808644132
6.154898948068217
6.2030854810621125
6.159358065920129
6.153664166497253
6.205297780305975
6.182861071489316
6.098883840465585
6.059879305716773
6.053528851743426
6.008811716815894
6.117492319151109
6.246487407521373
6.238378467263284
6.1271500380135135
6.034915549842307
6.154821988934819
6.073822390096673
6.109338226966474
6.146609369812776
6.084723905312569
6.040352338406487
6.103689939834509
6.127792819431058
6.061821528692815
6.058632312171402
6.079397444487065
6.355880410253105
6.298876704025447
6.253493735852572
6.1586850105638975
6.1592391262057795
6.143487142998938
6.181682702867444
6.232101422371422
6.23621943738249
6.158547310872901
6.180079695110911
6.1674174428535515
6.147311980642103
6.254035013327151
6.286900017892881
6.317800361566202
6.292933127182307
6.35825746598417
6.54460908853075
iteration 16
6.3101470511770525
6.2297404903634614
6.982719601090211
7.191097462829135
6.710165801466164
5.323656016956903
4.322795117290654
3.832271066985433
3.630997803838257
3.5815789649741907
3.1321599423894697
2.8177864241611457
2.728701620921961
3.03366589147846
2.9467184970915947
2.7881609832042336
2.664170107968579
2.7937756622908165
3.023473141228946
3.1594577614013013
3.276592982218513
3.31776136108259
3.3342326771596045
3.564782110623169
3.457947186953439
3.3026559091833083
3.4721868423859537
3.5283946127301764
4.035238211096428
4.025370404216258
4.736610155623327
5.341634039243272
5.700816234578652
5.602376995681897
5.49773261699734
5.517792661837343
5.595514375277353
5.47107235055097
5.488565098236319
5.494315800634752
5.46712302247421
5.420573996373072
5.431346328930664
5.6668221721470475
5.601216571835734
5.712751384599802
5.578477083993402
5.6568382826705115
5.720631606449018
5.69244903291328
5.716875464120676
5.685380955275417
5.641559086986031
5.37268766811267
5.160947954703647
5.466081464629799
5.585126537400885
5.472901691380141
5.580157490831645
5.744005532525563
5.709039519365306
5.735261591718272
5.618043571078619
5.66034022814216
5.791768634905866
5.822783220628351
5.887146245155621
5.871205143114196
5.909866021382286
6.011967525598194
5.956514835420319
5.985374656597214
6.306526593538787
6.629004638575857
6.568043985516591
6.536025903315894
6.606091695723753
6.48552036521229
6.579353264620718
6.618996654557745
6.697645687714118
6.65584830655283
6.642714450900673
6.66355495621411
6.684206177865307
6.706616917344287
6.801111325521325
6.85386516108114
6.648375080084026
6.773230770455443
6.754589221051004
6.824512434654631
6.851710186242043
6.762859363709598
6.809555327441542
6.794541513090122
6.832511782792215
6.850077445075865
6.858807328789162
6.825964960549219
6.916993740911092
6.895284712056265
6.878430957026643
7.199106545400384
7.311815969978641
7.288088751287461
7.255283941925324
7.268646447649092
7.255964777605613
7.226353520383668
7.278569175725422
7.298260413563663
7.264807673471612
7.257909715519305
7.329218673956227
7.308329785848834
7.2402843658661284
7.280359139292106
7.356876201372635
7.36572642494966
iteration 17
6.738461584171654
5.807620583605169
6.1542482990792
6.904456022810638
6.242849411910649
5.3419836620751076
4.852696482238378
4.817240768556132
4.162495991199665
4.070303584755599
4.138359560645477
4.397641422119156
5.0402077046018725
4.916932664770515
4.635812755651963
4.404271882984194
4.3616065854190005
4.385589165196177
5.243862937215412
5.593840099243971
5.409944825477737
5.328794469334892
5.470224755893762
5.747730942212165
5.770393073665027
5.873138890452447
5.931062162651324
5.781706202227975
5.701241839899076
5.882272838490133
6.105578175774603
6.223114880137981
6.242484969328705
6.403150168519099
6.323998617274746
6.228496877107139
6.213499819992717
6.3506736735717935
6.218809574532592
6.172662071911395
6.1444270825835225
6.164880449734721
6.224522856982457
6.307754347420857
6.2489911273703935
6.155589410370734
6.138158988533035
6.144998110896877
6.1588838440209965
6.202320578342988
6.167707564676376
6.192943137262084
6.142483923300805
6.132235933917396
6.092454452947867
6.157286539788529
6.08771467878533
6.1935818292562
6.237359761376917
6.184052988854262
6.1748679801672255
6.177109376055439
6.286967256581014
6.2701089852650576
6.253599334775829
6.830613686943809
6.792218720218255
6.787434017887595
6.815271720637058
6.808564016661483
6.81056051863657
6.951752501079244
6.918436755076964
6.930530301063847
6.928613883928928
6.993461391550273
7.069630537336519
7.023709187285834
6.956613688358663
6.938649338515606
7.01752241859305
7.078592418353859
7.262966729923862
7.322140105029804
7.348396879252915
7.350214945661755
7.2999106436518755
7.232751794637425
7.261609542929048
7.187544181919986
7.181871460282007
7.2028776833502555
7.20992883919359
7.215797928512473
7.2345058242753035
7.184539899506154
7.1301212778725365
7.2021366010805306
7.142704653344791
7.2037910638352445
7.210556679852789
7.159790270081479
7.159855246916494
7.20894182922729
7.232761246766159
7.235538000465816
7.244794825655052
7.2297446124079565
7.22083247059475
7.252744803218018
7.254297450145962
7.206243614606035
7.178300457137887
7.190310029151067
7.132496036129411
7.166630521546983
7.172777176775693
7.175305622685962
7.246147142044334
7.2031773801036705
iteration 18
6.943535447195327
5.5329006678854284
5.750732435510473
6.134352444762845
6.154827351531762
4.772416220004959
4.425796545537675
4.106237979835839
4.353517223253466
4.392031626703298
4.3407945720568915
4.26581301619688
4.151273538962316
4.364643473619947
4.587290845829072
4.604637809076488
4.473460677073324
4.474851553707986
4.580420316719372
4.618157376377476
4.532894787371277
4.457175906066586
4.523770643200837
4.539829198898773
4.587044368257676
4.6083827222417515
4.710261266158488
4.753324736383281
5.042652243742701
5.966030399168042
6.211739276159485
6.178444943270117
6.16330318557092
6.150770440928401
6.150053622536921
6.065244328828427
5.91122891008573
5.840988107364886
5.691935650972162
5.717309204006251
5.646701443414912
5.5952934714283336
5.717777935805918
6.033160648764677
6.032861425501798
6.007436500255344
5.994613343378411
5.922186274948641
5.839361400274883
6.066820670765398
6.164297475036891
6.19988416287257
6.224398685360129
6.187275541250585
6.086275043040363
6.22172763943332
6.338059032894507
6.26583914947802
6.163265175596145
6.283090600922204
6.300602527438679
6.3928187766522635
6.340465027634438
6.430284971086785
7.054072686143448
7.118265407120444
6.920127607418462
6.851502654957326
6.813242775712743
6.8158242244804095
6.8186293308321755
6.804151684370456
6.820950674772705
6.815948628256812
6.852728254400573
7.081573157244556
7.094915961600537
7.028423821390325
7.054727668911073
7.077367839604955
7.118705766698941
7.074937128525092
6.983346372819019
6.986671813540382
7.074874926600136
7.194991701528258
6.920081172858073
6.887018156751489
6.9229411700226695
6.937931532687311
6.903197069997028
6.846665192052268
6.886379660836083
6.888748644817912
6.875901073176388
6.882957298905281
6.981022997347991
6.967887416520393
6.943154193359527
7.020154325886383
7.295954327620986
7.339520802107063
7.42185472607554
7.539917496292565
7.552061372017708
7.572090732372903
7.585639011578516
7.599110729135896
7.6085648958094785
7.577396185841624
7.63443580550101
7.570422792617469
7.559167988445768
7.611476833944994
7.605229529005824
7.555959111346218
7.512615621527042
7.537823138007471
7.422081917333262
7.368996341902627
iteration 19
7.032899242730086
6.1359680172942115
5.898180954086512
5.6721477851030775
5.20234305714986
4.515051084946523
3.798414728440177
3.199276114302807
2.8880988895266784
2.7934714907573706
2.8559747667921984
2.9565297739399843
3.0354398165674263
2.936458502716091
3.018627706253028
3.1852392967936094
3.1279655980166177
3.057099733803127
3.0501359683272926
2.9486616635749696
3.1512923363681544
4.213365254851625
4.459317212232177
4.828545293109377
4.994886817116173
5.063057250312958
5.315001534215888
5.7169967488300895
6.012014880627403
6.1490383269273305
6.346508125167949
6.297459346772972
6.283180175463895
5.947629817640928
5.714130181903129
5.413757677423408
5.362432131132376
5.23285035733722
5.275215568864339
5.342978102857896
5.320491815295956
5.538425346447674
5.462208351373518
5.728153440709133
6.2744518789266985
6.169492295389439
6.083578530963787
6.089648449829574
6.016057539930367
6.048562095210172
6.08821056673371
6.003090992246544
5.946676379927942
5.982470119138854
5.934069258283269
5.944204427782584
5.858842152710682
6.022993004626802
5.969889192906884
5.972721727997062
6.001202663702148
6.208636189909473
6.564770575057683
6.672977614087004
6.453511470773933
6.222452485825001
6.215422957767417
6.092041456818873
6.266616112456761
6.338010990998599
6.412626234285975
6.309970586899335
6.47938343019512
6.497210658332232
6.442225386771163
6.431294736847465
6.467046674358674
6.4750721028450515
6.371210254102549
6.55436762557471
6.5529448709981315
6.622479202654728
6.696854209891876
6.696110427091375
6.812609395295965
6.983866757009475
6.9676508435313735
7.022772815934517
7.0092769422123595
6.948488074209383
6.71517605932097
6.628942628602666
6.6092061065787515
6.6158224791049065
6.6180827015531785
6.685370229968097
6.6589576763255875
6.735833644347501
6.897978713281098
7.01593035952925
6.992956881263708
6.870967104112098
6.78000314000752
6.840277571510676
6.802697020264933
6.81322837112052
6.908716989609088
6.983615054725391
7.065497010796659
7.0406526223148225
6.956068408152097
6.963253358271277
6.975992372596972
7.021143723752898
7.0402137034741505
7.011209668112483
7.019253126525339
7.049339175212436
7.008952660417313
7.077867498776735
iteration 20
6.7919567987434535
5.7683822101835664
5.367079232040514
5.357739236219117
4.577726271490683
4.053519785809904
3.6447297712391515
3.39320610005588
3.1882941019237148
3.1472343977186386
3.5657754268847044
3.7014057857650084
3.7431654779386467
3.754242435244185
3.7392231788641914
3.7772310180525155
3.7535312764924873
3.6198498580580956
3.5381333491159834
3.6249580395457857
3.825033630728279
4.087348858277598
4.715053503126454
5.14620706942679
4.873535209385757
4.91994147495112
4.959476373688402
5.4433635851711575
5.635639687936667
5.519256837141722
5.7713651389668215
6.262350579576805
6.197972462825783
6.2778195686888205
6.295619200589792
6.839152238074536
7.060669216186155
6.9769936677840505
6.854555885064822
6.882420895740587
6.839976835352619
6.843155056514503
6.890709004900258
6.854893847786636
6.7531384761565585
6.721062239074732
6.693593898142052
6.772690534798914
6.591099414988511
6.181756475092175
6.02052160260966
5.887992659082418
5.918674603054398
6.0012577112163505
6.298244317887395
6.618543364232376
6.924382982187304
6.963591661043926
6.935478827125895
6.945382326577159
6.917418230757214
6.912672155280107
6.869855912092923
6.859096722916758
6.875868440756642
6.8178527672608356
6.808974098758994
6.820814191212415
6.83877478738984
6.800123004524373
6.811982215046297
6.828873045351128
6.982676406720225
6.996662065239569
6.993219746344969
6.818772905947464
6.585907399096386
6.486017210600259
6.274576193834935
6.263284885561608
6.303924201898753
6.304486895155643
6.255676202827033
6.165944570539551
6.115042070395057
6.176569941719487
6.113474263463887
6.127309530618432
6.025445647808864
5.9323892978002
6.011781888129203
6.18875718437395
6.1748339318173215
6.076503167921423
6.032542844053268
6.031047720387051
6.186757160272304
6.317833590187008
6.155878299735182
6.123293687626215
6.1269290256953335
6.3509707031166815
6.418675360488177
6.299321521728569
6.380799845049227
6.4069262779793235
6.592222903476834
6.603270934434055
6.84890046403434
6.95912672076193
7.030711811710537
6.956509664782959
7.055093023406264
7.144855379959589
6.893302330153254
6.875143407934135
6.8846037342371895
6.993647761304072
7.021725795603123
6.888739494377656
iteration 21
