nb_arms = 8, budget = 3
01:54:46
iteration 1
6.557751831479236
5.52207332211947
5.482129470672139
6.459170080989655
6.281070817035705
5.319640231616921
5.357382715727296
5.382793854067529
6.23270854439269
5.514963538323922
4.931996257310306
5.60337401705526
5.773474851101054
5.573235354930755
5.382807618286227
5.492742214743904
5.459698468988908
5.375195823030831
5.391145476170298
5.4225519470381816
6.388386638275513
6.426977793463813
6.338635111832754
6.469371479310389
6.277338124952893
6.3573601446391645
6.555440167126767
6.6808440681998515
6.658294901134306
6.473081217011403
6.737054329698948
6.9752100082618
6.7648186299275155
6.66472823256197
6.665019197082272
6.663888071318878
6.807046439548333
6.626617748069043
6.474790740009023
6.433563725737897
6.671617392843825
6.761318440030511
6.760528571066242
6.896193614324481
6.990779393967318
6.939741710195659
7.005955866298465
7.020325335702456
7.157501989646448
7.02253492651205
6.669246488505832
6.62412209454633
6.764420713162793
6.655968998142527
6.632906385066847
6.813965718063785
6.861343179803913
7.016674778412493
7.06250001481747
6.977697195435252
6.945772679349229
6.997224944166635
7.027993220254943
7.113991064930014
7.148890827632943
7.1635522291144795
7.204304253327369
7.241928467177831
7.254919421084222
7.2070983649928975
7.240452316990278
7.22348898386811
7.3068724379566
7.265988657284504
7.255849072523348
7.344302570243145
7.425632522232985
7.44489763717484
7.4119713045090645
7.516463752470271
7.509835170156675
7.125099740494745
6.916853504664259
6.898724208206873
6.77070667968908
6.864190957525492
6.913523168618745
6.826036107681175
6.88763766728752
6.868871316172757
6.869502654869731
7.050249741849919
7.070305525230221
6.82322969982472
6.799609247366923
6.869414885472659
7.487613783346905
7.530356516679433
7.509394781656056
7.523055778165649
7.530051447020998
7.45417271261376
7.512118653596482
7.5670642632502245
7.579602243114542
7.602542092514494
7.684185759242002
7.65608156204372
7.6833333903646
7.649573345007577
7.630216962101275
7.6167053688905835
7.61567537494705
7.578520077698545
7.619758270600589
7.663211021002487
7.710721977816721
7.629943156296438
7.6561282617809265
7.6722739199735654
iteration 2
6.4596363841133435
5.474852460392213
5.623689757855975
5.759543947240584
5.481716110899211
5.758127458067419
5.738185883444671
5.44605259240769
5.339950584948935
5.2134198742824855
5.635416555333589
5.3719821326568855
5.241149218123122
5.167444109295973
5.767441630828321
6.594451023149215
6.577957817958781
6.668374880558563
6.587646504157392
6.834833524947747
6.724159973088252
6.2668618259609765
6.132278095455388
6.101140202073413
6.181998804373402
6.1846726977139985
6.065309168906543
5.8055641915677985
5.808563927982188
5.791183623284158
6.0925623726027505
6.714000654070328
6.833722484591733
6.771635154468889
6.6479314397590095
6.643439183061033
6.658051341533278
6.540237061013255
6.512316683682468
6.753611324535805
7.257624689361645
7.287254753820636
7.304027701609876
7.373778311984133
7.464589055520365
7.517961382575484
7.4771755400453905
7.515737086399164
7.519950683778415
7.433642082961077
7.40387044545931
7.419178319313589
7.416196170786029
7.429346811110318
7.3986190162675936
7.410548921233577
7.387158825599243
7.440321138780482
7.460722169964437
7.398354143146476
7.3339031671176
7.420114538669542
7.41045636428783
7.361283861414928
7.309804444484363
7.342277973484203
7.3336397433511085
7.292716089825846
7.328747229896972
7.4318913319090925
7.3238979786183185
7.369995318331745
7.398169305835063
7.352811686576279
7.381171310953443
7.355546979244673
7.457834832787354
7.4483463963723375
7.418400485219561
7.469098991963879
7.451959166332867
7.469494674329988
7.48096400233827
7.455804828369659
7.482245764146544
7.494868268373271
7.539996753298226
7.537696036977492
7.450209784043187
7.457340843562678
7.449534800789545
7.544027508254844
7.5278716787986415
7.604779885617372
7.634070303438787
7.6245942678824115
7.692319195859114
7.62699037398552
7.504763821120096
7.519562904745449
7.532361405524539
7.587842368851255
7.554340908145681
7.615164875463101
7.641485624169436
7.620635354977399
7.5576244395346155
7.598981027226134
7.56589661864988
7.5248829375304895
7.530074313760511
7.579728143252229
7.619118085150778
7.6518861620549
7.596420793281078
7.493405853755857
7.508948870863507
7.514633596516443
7.527025294641109
7.508896160310269
iteration 3
6.164479795671143
5.171675175553512
5.899944655903995
6.169308883819053
5.494063244698091
5.454411313985284
5.94352778664096
5.871655826979439
5.419593011725527
5.265340550773767
5.085217237240094
5.442555639178422
5.549866760251467
5.751607699399329
5.963643901886865
6.578646371419141
6.66970056636648
6.866635845396803
6.762197357305056
6.667358335373941
6.75425528394816
7.07494304963086
6.1650058419320155
5.541145614016463
5.740872814719828
5.563768475976983
5.7332905092779685
5.897180011669454
6.215189686059785
6.098099619900839
6.001560002044326
5.895482322248083
5.944360114676938
6.079830032660399
6.089171357306211
6.248745425216039
6.589310508687647
6.627164547000214
6.3195245404110265
6.537503192841518
6.29838012673413
6.112683475645307
6.072657069796548
6.443232018387678
6.522192546331379
6.506210274479676
6.573130604942156
6.780380074264096
6.784010618709964
6.80516045569112
6.910066804588995
6.810594095829864
6.8650236012482795
6.841821210523262
7.004570504722181
7.014996630577805
7.019846554385533
7.122729876100891
7.225571204740544
7.3245626512134505
7.3400999636291555
7.325177085450746
7.338819081106785
7.296007985743315
7.349883944820291
7.272838270080755
7.2902280159729855
7.339989528701363
7.344931011652052
7.39512588306137
7.363629936207868
7.387554492978939
7.364013514853016
7.317708390442041
7.325940141723321
7.333475271146423
7.391235035607573
7.328094010493281
7.323494493395279
7.317576729173438
7.339138736641485
7.369068391094182
7.318559207470072
7.345567770580758
7.328470704308014
7.485902580463923
7.505718104277694
7.538242481263985
7.484760831932696
7.467250913066988
7.448521027329799
7.512964916252981
7.538708910364614
7.527500158180159
7.609063102441637
7.546736726053573
7.569435732491497
7.504491231289068
7.558118451616524
7.580378085038735
7.617016039560822
7.569971256127765
7.584542446248533
7.586782821112796
7.609194831434518
7.610019949531512
7.5186148134029205
7.555843435711384
7.5484850121432405
7.598408545618272
7.560875856464536
7.509431215412577
7.5219071450087345
7.530717032308367
7.506087852270107
7.539665622819148
7.550586285801517
7.563185471785481
7.566633115164975
7.5399833056850945
iteration 4
7.318744499422689
7.485314029843863
7.22091861815876
6.92474623123886
6.036763166294014
5.166057589143724
3.973661033505772
3.14917768045056
3.146480131258092
4.579614945120957
5.4414425745301696
5.439763268747547
5.472511619908517
5.841366834966514
6.186412746406822
6.078074939987779
6.095580172136875
6.3293529763844925
6.6909421238174795
6.543068503289769
6.76388662456586
7.2154450413135915
7.271790951535311
7.370656843403331
7.466667805677423
7.4222672948550965
7.029278720616559
6.682790906686674
6.264992239070741
6.315344668415995
6.21150097177472
5.964510420817418
5.857425548078833
5.90573121203373
5.9766625207072615
5.908139950555129
6.728199520681383
6.91169983874683
6.932845698825853
6.857707055501942
6.852051678842948
6.836191889766859
6.895978710487761
6.92282172911009
6.843583402279632
6.768921613517907
6.875791276735454
6.882469429721002
6.890366169660316
6.84153169443052
6.868791620469789
6.8998842193971734
6.895161717673464
6.8062641790041685
6.7805158479503795
6.884328843390879
6.881244812765829
6.993924688606233
7.052240257220028
6.900257596856298
6.887134844602453
6.80133045502038
6.900640576591236
6.978004178345921
6.963515311825302
7.019151632208527
7.106850711139502
7.073617745812013
7.198426208019623
7.1397915618462715
7.031043228965326
7.108084283685779
7.172167085317141
7.247675348064648
7.22969868124947
7.213804430391168
7.19733955113586
7.266283440286897
7.220524768953108
7.21550310367366
7.163452557691251
7.220257530573411
7.261932153187253
7.255329557460536
7.297180906471844
7.258867565001633
7.258392797284205
7.342641434582279
7.307505322300901
7.279544281253612
7.354387263484767
7.3065564931204365
7.29272738668798
7.282833228287841
7.2830318167915316
7.274366515953832
7.2843085137811885
7.333553188654019
7.3381202571312745
7.283573740495761
7.28625170970331
7.275143062281934
7.271549244856123
7.274815067054081
7.338471178550273
7.313639219276688
7.331342917469719
7.300301598967995
7.3183292870037375
7.324240312723501
7.345208546719521
7.328442831609322
7.393831423320858
7.586501593088886
7.612920695672322
7.599001050224079
7.554526391782249
7.615872796538709
7.612056371818451
7.583187708902179
iteration 5
6.391862523519892
5.729181279185632
5.505068930433553
4.809554981256051
4.148534056963602
4.35286429026524
3.897501874316399
3.7284528579109515
4.220358725855918
4.638613931719793
5.538190630847537
5.916164053550854
5.863380882410281
5.8164105644620285
5.903479395051076
6.1232706990164765
6.48109123410958
6.538822817472729
6.799992057026118
6.73136349426278
6.791023400077873
6.841557815944566
6.634579020105315
6.190892061343695
6.000229500853745
6.706815966947553
6.704992358664714
6.695069740077766
6.667705924946265
6.6475934208109
6.75198132615967
6.647283088252277
6.416087941638625
6.155302590249208
5.967272853744692
5.971572572585817
5.865801596683735
5.843087252922767
5.754121516250467
5.767228059657048
6.386635345572262
6.6625098159212754
6.699492372846839
6.748840974466663
6.701622664069184
6.733152009167618
6.7036344445169425
6.7289145037046
6.740860817483553
6.725729055299223
6.770348123665863
6.797038632429935
6.754557358701777
6.753028966947532
6.7933678347084205
6.770789199998063
6.804447062794448
6.8128076232229136
6.810639892429771
6.9192705305375
6.877885771846206
6.854604754758426
6.972087444565497
6.985579974928162
6.949952890299085
6.942600807295816
6.861114653603927
6.893969560365622
6.93860644208749
6.8431067852553005
6.8826634729719185
6.927918684896477
6.883673918039178
6.861231754127005
6.873805704899383
6.86934799428557
6.869669294211382
6.8952365838772485
6.856360080070703
6.905613380990568
6.866886848840774
6.865139557786598
6.873643287623394
6.9856410074370965
7.45300107165932
7.0827311054793505
6.902572922697468
7.064120965911929
7.0968496021310905
7.1447740977916725
7.130424656125055
7.212781279268018
7.232348146330506
7.226681586469498
7.146516832772949
7.127168528984522
7.183521197094045
7.215914630472993
7.315514279924635
7.325167925340691
7.3207582424702515
7.3470139483494386
7.3446495893854395
7.374470193069959
7.415241161502216
7.412880397318962
7.427554323350136
7.458429714631385
7.4840879600330545
7.449773852352304
7.418232484803655
7.4534394383548
7.46632728775041
7.451235219412075
7.5234675183830655
7.524167577579
7.550490661106417
7.547506913455857
7.568059662933309
7.536227539011712
iteration 6
5.965958890967415
4.633727277822874
5.339161862292766
5.162419033069682
4.994263796380978
5.1658721455491
5.021527678788237
4.71709055455722
4.903406208002626
5.15867293308213
5.29655651662499
5.013310004199578
4.4938025701110975
4.579074207637257
4.456965769926152
4.331728122071077
4.05393869832151
3.9860128389859493
4.827216083569717
5.172543377899403
5.3511468189251
5.741631980999826
6.833533900570803
7.157625024840945
7.170358866244908
6.965570749461087
6.876162426156181
6.870265125230876
6.968518656587151
7.030865180007247
7.041365680468746
7.143468051862037
7.256855322239296
7.37920294036411
7.432101260078647
7.401743777264554
7.493985495651563
7.6020741336362985
7.552341584487292
7.579513648350402
7.532731735586067
7.531255311668059
7.498974985205748
7.4938421783382445
7.521308954255142
7.594605499790149
7.579067444304149
7.58673450679061
7.6604091560930705
7.589459398439841
7.582150443282782
7.568106055869115
7.585825146370237
7.591313186506523
7.595900522187962
7.643341632295009
7.621148952288884
7.632473954379083
7.657288339331386
7.640660001190331
7.669886570988989
7.675407644997251
7.676795191183484
7.700062087110399
7.6663965144564195
7.688810888488982
7.689332774835978
7.593902584772361
7.672641867147087
7.6770509250440275
7.646924499646539
7.686131419155006
7.671285281069529
7.673599012615836
7.6735666280059265
7.695333743018457
7.701074714466966
7.664093926210464
7.694777761495378
7.67097469118622
7.62019324640762
7.580859777152176
7.5773778325985335
7.619599577566682
7.617545601985686
7.658415546156191
7.597094160381659
7.574034752076474
7.6526600478235824
7.660377591412871
7.668241711444249
7.649508445392245
7.649214001037043
7.68281885452406
7.651549673994145
7.662867712280137
7.658688420253872
7.647391189940138
7.664911412013975
7.614135574699343
7.660319879158457
7.6813571780748875
7.686097032165878
7.685683957530658
7.677203017145116
7.679635887821698
7.705520751012971
7.719541532524512
7.731530816933752
7.7255245664519645
7.7387490336746465
7.704924001057243
7.692356900854322
7.665322631291176
7.6658026324948025
7.670567173224061
7.650478861757461
7.643829256487965
7.656092783234601
7.627964056742598
iteration 7
6.60353270701291
6.271940989061901
6.098485319492287
5.677816793375154
5.495018852395007
4.457989431239623
2.9912540765868134
4.127398798103516
5.249433839644476
5.586600758800061
5.412627547974805
5.392791698500998
5.214698877067803
5.138718807233378
4.9896058861094925
5.274185598410444
5.496389046262168
5.46225987053906
5.4236062574212065
5.352362493334944
5.9458495481345155
6.532692165646392
6.367712977078525
6.138191726673463
6.019921787979779
5.928728033073627
5.841392355490601
6.187299568979126
6.10340742215183
5.812917579268361
5.796142752648231
5.793637969048176
5.78039822509692
5.897959273092774
5.807365592887916
5.91330892361784
6.021758866259216
6.113794890383936
6.186044439902998
6.525826879708353
6.216379163119061
6.085871509074578
6.101782738469861
6.018650426994441
6.044294651932513
6.100433206962816
6.363788210057774
6.452828570582345
6.415618782654698
6.483395286062591
6.638755311700569
6.592348543858076
6.6241858528726585
6.556371078098875
6.557437925865093
6.577932009526745
6.566189577009303
6.537454368021385
6.557375696514848
6.514192943321334
6.590634332496974
6.579977595109766
6.652267360307194
6.588487654940281
6.6501473492423075
6.576295571813238
6.5886872831600956
6.585771850314544
6.580536413032843
6.673064958800012
6.567825175845943
6.611425192768873
6.625819143453893
6.57172464612739
6.562362677749997
6.60879905093326
6.539852744471363
6.663227120404606
6.609472905764044
6.609090596368597
6.6478522410321705
6.6013943904160195
6.698031718253343
6.578915605014975
6.595538006540894
6.56534579358009
6.539467117229317
6.503230452900585
6.53971760748683
6.59743348360857
6.5148149420494015
6.574515041153413
6.5105576010653605
6.517295850121582
6.569653240957088
6.5996032651113135
6.6178290750842965
6.571078280191655
6.551314403309671
6.662608395851647
6.62357995941479
6.520291350526922
6.5306508781507
6.560919023759201
6.572971848832837
6.489563316428698
6.565026341019144
6.60118138175265
6.662537175224114
6.628336632527808
6.608886260774116
6.639562877300498
6.586896592530511
6.539901287874663
6.620426218800284
6.599294291602265
6.5646333542268644
6.430338807535269
6.455376327179104
6.551250883345951
iteration 8
6.8002100595505315
6.160301705254474
6.123070860678158
6.5594809443699775
5.82086413681206
4.3089922760261645
3.7385557253497455
3.4529840886584786
3.837529202680283
4.826288982774153
4.811547815428238
4.929453876155605
4.7671247348503565
4.557592091230776
4.470140597946457
4.4309719917288986
4.890508900261402
5.120429534013019
5.183206901490107
5.179222665678455
5.063374805275659
5.212248718611452
5.436980498567879
5.584785674666132
5.308312573305987
5.693042864118266
6.405932815058144
6.483888013223126
6.476096525728143
6.154140861050352
5.91297306432596
6.00462942736274
5.872218222706681
5.701818268761142
5.616014415973888
5.721911260560867
5.674252087372249
5.564858093984074
5.5743983613459305
5.913733667453878
6.073673828365163
5.960242141173839
5.972406973253552
5.993925908144559
6.019055911930511
6.147355765771832
6.078662837205765
6.225375671671241
6.3684302528791985
6.3051354487581435
6.367736105519567
6.319626860621221
6.027656576737947
5.787979262085818
5.433888982805748
5.388024338949427
5.384800453092725
5.6966129795959
5.7972324548936465
5.819285943716944
5.7591928742129985
5.964575715649821
6.156252780372029
6.294212201371144
6.498515513913252
6.590446163958419
6.437201133542164
6.356440017260791
6.417797758315865
6.472251562970951
6.479918251054174
6.418501743264273
6.574204216495473
6.498050904263412
6.396205909240922
6.468935419170014
6.54406338268205
6.639769713634524
6.574213110031726
6.492968272553293
6.46496256073479
6.378789057200203
6.285478487505451
6.319308797947908
6.515746474527474
6.420326179347167
6.4608402280630175
6.398625964428675
6.440212223854854
6.56489390342318
6.5678318825686945
6.382926947574378
6.44059797192527
6.3787348986742005
6.441507013046151
6.5611610334822394
6.511125469697926
6.314541718782232
6.443293432079153
6.380359636988336
6.347094517322148
6.336878428964717
6.460692338441006
6.477775037477691
6.353545260809332
6.417618060031901
6.276452537633668
6.352108357056935
6.346922413509295
6.401936169673477
6.373632592673891
6.401388169063272
6.42812453711764
6.510150934698244
6.496162801673148
6.420030117983017
6.442609587635626
6.334911785508194
6.410915802434767
6.396063184877821
iteration 9
6.828404990794503
6.124648628787405
5.657832935807555
5.432037540697303
5.5268676274697555
5.195729492947151
4.779305565577285
4.641324752274132
4.643431247969222
4.533898336222016
4.498634898692355
6.030951251054339
6.463178378862465
6.40611623262696
6.509780826713815
6.755528847803914
7.298197447290838
7.547557281832249
7.401527399786594
7.389251597513272
7.318330286751982
7.265284502763015
7.135813280074592
7.180490114514455
7.072706672169025
6.86807552476981
7.183393348967697
7.4796530283568385
7.273532448740826
6.656119820487566
6.492285811919391
6.743162357077606
6.779694099344398
6.826649853870054
6.86335017802693
6.6943148850133
6.6843148675499915
6.716631283489303
6.710542421462208
6.859290816221361
6.920853225680753
6.7592313063442955
6.843259587188
6.879471494714048
6.6038173050101685
6.725166611037706
6.62687766119344
6.711297312231522
6.682963061543998
6.722784247530246
6.693710949414041
6.626427334987295
6.621731007274163
6.656938495119264
6.779996693631988
6.876344175686239
6.916561380535844
7.070248805621567
7.136302374402712
7.160016859228566
7.030871034805139
7.178074960825305
7.2451017730352145
7.278218688795253
7.302507745581482
7.2545058590329985
7.165885385625692
7.242011822225095
7.2737015491330705
7.203864826187327
7.257217596192328
7.40471167699762
7.337317596067542
7.2835106579523226
7.294661916959552
7.241932866317178
7.136863280978513
7.218882128922931
7.217043097097335
7.298181552754606
7.268722724305764
7.301182716178099
7.240477394607536
7.20226665865726
7.25611909176364
7.2575485119261005
7.240168920810755
7.330929537362742
7.23506447457785
7.318079753743421
7.387205859936398
7.2661309639224045
7.336666558032951
7.398179327838652
7.427748107631288
7.39654078104183
7.413842116074347
7.476793232727607
7.5135675972702645
7.544409086400305
7.537839864468379
7.508727604612691
7.522733561860227
7.547106594152767
7.587198821143061
7.649596255160862
7.631680682496351
7.593621928358378
7.581441067075104
7.549433882062318
7.584831878363804
7.585149807520995
7.6121513553013775
7.58443064550788
7.582367388638781
7.5699907900349945
7.568409403758474
7.600524064591788
7.616253987212252
7.667815657805144
iteration 10
6.599741368258267
6.371139273905794
5.918012113843015
5.16893871177606
5.155269715491846
5.734165321843204
5.881467944398063
5.162613747328951
3.885682363956515
3.6235012288032413
4.536866723591077
4.591504775612227
4.300630875146909
4.304626004522785
5.993113875543637
6.330332107049615
6.196347171348414
6.253910832190069
6.8191787829218535
6.699565912244574
6.051883524947323
5.709060988761319
5.692765869696939
5.625156045911999
5.503458965558078
5.643488810170432
5.747939960257201
5.64419822731357
6.275220704593887
6.706563037660483
6.641531545212202
6.715248341008101
6.797828333796807
6.786108801370415
6.701358543302871
6.718544042701223
6.689548606756599
6.775609940095345
6.77640394915549
6.6346209330140375
6.629961041829409
6.630971286268542
6.6243601829342085
6.577041438448999
6.399096897952216
6.33759845066832
6.4275438155021725
6.455590689764961
6.421575831492604
6.5911688919723135
6.769375518122457
6.788046813108728
6.734063264219271
6.935191992404931
6.90000927044687
6.887129783049495
6.845140148193932
6.882670813981206
6.8832562816823915
6.87363920475913
6.942128610956559
6.9256864241851375
6.923070143802108
6.894953942195645
6.947206328408888
6.990585054382252
6.956751606546144
6.945229009171662
6.891068839461008
6.890424164451524
6.978141118362596
7.119217901694255
7.696959942122907
7.51707544369566
7.2945750576031925
7.285560225568129
7.287881054151207
7.228217951774265
7.201071465879789
7.426290200658476
7.549919260351376
7.499761762382677
7.522087881439635
7.4975927869600305
7.403119197617225
7.4785895860409335
7.496041640108136
7.514682324360292
7.54503879322588
7.565025627811523
7.5041822505146865
7.564823138732534
7.545229665789009
7.419911753344213
7.446797968234262
7.434538967485716
7.335562019799486
7.216468140857064
7.196434981650454
7.229413260172094
7.140389606081364
7.034857634106587
7.078738491697489
7.232305431393684
6.994090432930724
6.971628197519728
6.915904769998264
7.128685451861724
7.179833492684196
7.211657395945681
7.263213167894255
7.345713110295066
7.361520668656343
7.320476896640352
7.400725825957388
7.4654637429972945
7.499219333182131
7.4815870504731095
7.468682964470354
7.487228822163985
iteration 11
6.944701630205544
6.151780548484328
6.669215302265951
6.3138764292529155
5.425165701730862
5.357291518970673
5.607046442052283
6.1724828488001435
5.2716275375626
4.667002871266389
4.892485999321624
5.50366538059261
5.725842647357834
5.427836943524223
5.355890949231951
5.390391742032493
5.613068068789678
5.785322068598752
6.118368398412344
6.173923191068261
6.170430177730875
6.09152724462679
5.994761420255755
5.971766090016251
5.947404529391303
5.8758036767831
5.966777750480417
5.851580285935669
5.982180464626648
6.221420641608693
6.12524347238541
6.025077973046105
6.000723914855632
6.065988523180323
6.173668161334273
6.344256659554477
6.412893350205531
6.575363135176264
6.923151772394392
7.222556224246505
7.35691532602625
7.240752188146768
7.264489014159448
7.338776258133325
7.4217096295105
7.37121768475609
7.521335606610921
7.5949009255386715
7.522256776000714
7.494212656761427
7.495419318326263
7.498051505097062
7.484266857580253
7.435328445230823
7.548062639393193
7.429773784469737
7.439306442776874
7.449723819594867
7.456840677282643
7.381360468225776
7.171606466022765
7.23615444136331
7.305602643621915
7.120339447888963
7.2665352372317935
7.247055081438947
7.558145005201762
7.522485516308433
7.573761291064712
7.495309070912206
7.325240004773522
7.362895440516664
7.490474142675925
7.484907438798656
7.552247009236283
7.494232645714552
7.397748730955254
7.466064384124755
7.464383249198969
7.461975018066572
7.438533236376161
7.519133212491822
7.5291317686667245
7.551821610616233
7.601850148930773
7.585012656631935
7.457428865920249
7.390842123713331
7.365102036602982
7.473121067411722
7.522256303508261
7.476958075557366
7.533043437289435
7.4938714955192385
7.552696810697563
7.469971417399032
7.443657987863224
7.473616185022305
7.413094342182308
7.419695531695823
7.412830034694793
7.401745610840813
7.437670705622062
7.47915124602164
7.4914142666282775
7.460041867131422
7.434326883868692
7.387265404597855
7.464720015126155
7.480420537288163
7.454472407692823
7.397924751978409
7.448184950816667
7.399575138787745
7.476020870719664
7.448877433395654
7.473107347134868
7.417756373149152
7.448760569626135
7.436558040886273
iteration 12
7.145419796870175
6.023407367330399
5.5520021865707045
5.630925837991568
5.239034415726149
5.085833067164452
5.390560757268094
5.2978789233891375
4.84814656764316
3.976490217396345
3.6375750006414567
3.843169254812652
4.964664438039256
5.1550755334621705
5.295711008789237
5.264391222118891
5.898422275276584
7.186013592519595
7.348735598989293
7.503285985346371
7.568005489988058
7.483445237216959
7.462388088219063
6.847517005850844
6.140776550429098
6.031254743198217
6.016312751422282
6.194495987533263
6.655801818018354
6.7163512369304454
6.862288258048597
7.026800086927295
7.24627335094477
7.313808329197059
7.374612335829076
7.452985203358821
7.325513526692838
7.338233280286471
7.304923692408237
7.380788790863116
7.3717171184868615
7.333484275118905
7.379958884207351
7.419354897000329
7.331793794186799
7.3822608488107555
7.286405945377105
7.327143924333722
7.318528497175898
7.2912586887901
7.354531944134527
7.398105173368179
7.3614758316184234
7.3307514536764335
7.31345240204997
7.314341776840417
7.26634767444197
7.232465731308599
7.220505250733273
7.302119270605427
7.269188289075872
7.286256255214438
7.185896185122026
7.268929116930539
7.277034112759387
7.236174640026595
7.176207418220391
7.205039447790391
7.198430333778807
7.345445305482982
7.403158134225354
7.365162166178472
7.28909468464445
7.344573597653432
7.486005051231392
7.408117093960203
7.374013826343147
7.415267132772778
7.361573661747446
7.386370778282115
7.373241476264958
7.405906945045691
7.449403012998541
7.413805625549157
7.420125112945715
7.395588038871709
7.454364960999247
7.481893208358392
7.495013868249896
7.471039039878467
7.436095006449162
7.463229469391759
7.398440598959156
7.443989133384255
7.43202449374803
7.489325288450418
7.453818071978697
7.407074614757132
7.408679268538244
7.492628290688618
7.51762889661993
7.448511440151073
7.4040299146216855
7.400229194005679
7.440708645914478
7.442052091700632
7.435774434484915
7.44463417786219
7.4619803030417
7.401812057227221
7.445499955096722
7.449116696648706
7.479051009481429
7.457772686814971
7.439641139000149
7.435333969159372
7.429426942971074
7.488362280162987
7.434914662168598
7.426675847039603
iteration 13
6.971973714679897
6.927514997717
6.879766614464018
6.654280377526328
6.33510495823995
6.207559095991953
5.94437508097991
5.9799744097569905
6.18408213027919
5.944786444037091
5.554751403711694
5.383570229025887
5.538869866862334
6.020077965117058
6.603589267518455
6.795668666599914
6.921721039829281
6.966630828193003
6.941309326560438
6.751999568233591
6.666702792492077
6.674752910173416
6.693684896706096
6.883473038840208
6.867325145354422
6.707663406373435
6.664084992586712
6.687113144876992
6.93330111705166
7.095592503087653
6.922344633487088
6.554366752327314
6.311549178147617
6.295116305843371
6.277803375770658
6.243208182724369
6.616449112084415
6.931013685475306
6.874787678637618
7.14393257878501
7.100856941728412
7.093720660371293
7.0761224467054005
6.947929265630323
6.935687014436301
7.064389644380291
7.093730013169721
7.144287345049135
7.100338189977615
7.101559959897164
6.987966613429995
6.8122316044907825
6.876857687215655
6.934635395170502
7.0787904242015145
7.028020871816879
7.104924716092543
7.131205981527435
7.082357996090845
7.022824780602082
6.943249977227148
7.002780294645451
7.124844241514581
7.247041464142191
7.2269909830933035
7.21972684265789
7.313145891747785
7.281071100391731
7.197325133169784
7.223763119393607
7.213225554095826
7.263365617634129
7.295971950120216
7.345895470401708
7.339893217154913
7.302413596782003
7.339322892210541
7.39344571248085
7.440449981465008
7.4172057905768165
7.37139143452136
7.329571347425625
7.346702480875051
7.4480502577329535
7.459073160047774
7.432611738067595
7.49380120111597
7.452485874325556
7.410432913735591
7.392034827609206
7.462226922851515
7.511082253705806
7.537710647707877
7.445930432057684
7.461154755211231
7.462458208988178
7.484581856773202
7.456652390719243
7.455264778923323
7.525620269429089
7.563587074248755
7.564049807557364
7.568758853440833
7.571743708441083
7.560174391417572
7.574501302066682
7.5775177159157945
7.576496952456876
7.559226675125311
7.594126085184261
7.601650098103256
7.59351202625946
7.598721393981084
7.5881084152193
7.624045760286817
7.6175389616119125
7.5826052361826
7.57545054244878
7.604622400872658
7.594507467583579
iteration 14
6.7154349635395185
5.531206275651511
4.9503850002964045
5.4258498273916125
5.89613315032179
5.941171853689717
5.925182120023534
5.205476889089633
4.263819543982956
3.6733104567458255
3.7634110739733204
3.3915979005734664
3.3545240408480668
3.3740098283599913
3.65584654865849
4.547573573548825
4.085132901755531
4.4170272774221315
4.430876885581686
4.3298264918516605
4.134315963393387
3.8720813094570796
3.8002243227460455
3.6432674986191413
3.6462331038584
3.880059022089753
4.736030707344226
5.5287014282272775
5.412836777186124
5.414143636929464
5.608152810720944
5.662691084856338
5.627388641560378
5.611200164786267
5.560353544391019
5.879815153500253
6.044755484719568
6.172220715839015
6.121410131974062
6.112656062355814
6.166643290370562
6.194356181855446
6.2011452212803615
6.198115375727244
6.233517340674375
6.296549780331467
6.319666692771525
6.3116457259317835
6.380008867768665
6.422420365128671
6.423991665652965
6.474539546036996
6.431977436530185
6.4844637760186234
6.385740336152739
6.458721893227457
6.454303519126069
6.498577454105247
6.409333745521269
6.387116315831742
6.454943613009114
6.377088395456445
6.436547726562878
6.464147510690489
6.528681784216184
6.464474435017795
6.748978614317225
6.696059759346501
6.756444449580982
6.7462154934372585
6.740811093612465
6.727286297310898
6.656338376773481
6.684252533990068
6.740353671124613
6.763160737848552
6.78348317281173
6.778476295819145
7.047325009346263
7.5007751773317946
7.530632487780631
7.594975652173924
7.606967817814222
7.634476236928999
7.644779635025163
7.615915120768027
7.629880483431095
7.648693461501985
7.641074854348
7.60785126229832
7.630752071444008
7.689662355037657
7.693247882633395
7.66622158355007
7.580049970465874
7.565611053779186
7.646081337610313
7.608328716263782
7.572941316416064
7.592502815759823
7.62604650694999
7.557945913816426
7.571812338994626
7.478533715186258
7.60409503144641
7.644663339727904
7.677440091864947
7.678340617285882
7.663467122637601
7.656092145693028
7.684446451646172
7.618610689724121
7.588190705335209
7.63036612686625
7.672580620822156
7.630623934029342
7.573268849649321
7.5896212468804425
7.63729904133459
7.643600497255282
iteration 15
6.711818293171466
5.743144431631851
6.197036309841515
6.282834000525699
6.580481780577038
6.07578901462739
5.814415579332316
5.425689447408847
5.388047156986408
5.376446351116167
5.176344218486804
5.32219124285378
5.517172029082274
5.73379731534001
5.816520325473029
5.831573327088299
5.669145283924333
5.084202652900913
4.841770444994924
4.905790681135932
5.03492345039736
5.456140708281611
6.033184153729435
6.280105614086792
6.343769345379549
5.95557957187141
6.386415796650377
7.145711563439441
7.1608774409174325
7.246563751330049
7.150353223312394
6.490503996127221
6.302568164820901
6.175793024634089
6.028331722740766
5.917521301586266
6.098710426984321
6.142592252447765
6.2350957793412
6.792994367114768
6.680873856058941
6.508298341915721
6.630432861132159
6.72480013955932
6.811523427888359
6.193345004413929
6.056445266707401
6.128981100911676
6.324629920482176
6.134171126027897
6.2077640417319175
6.51914131543279
6.52452301604196
6.2573133402856795
6.252320007300718
6.16349052360748
6.1463136422140385
6.0979505098460525
6.49329725897256
6.887260565062912
6.825884371241859
6.978707860067618
7.290839029450791
7.312711199470706
7.3178176596431435
7.378055715717556
7.333725195465501
7.340125917319051
7.367835566063743
7.298602738620073
7.314672941347982
7.249690545025646
7.283374650500026
7.251105533289186
7.288489832243211
7.24099494899757
7.268677030251946
7.280853109168694
7.300558652771022
7.322689261294204
7.3261203480956025
7.315975245010344
7.285876368833942
7.326076871108801
7.285878568476208
7.3156787411548665
7.427196195442507
7.480697562365837
7.503749017713379
7.489873935366138
7.40305695912001
7.461344708939399
7.433204201158701
7.435959031017197
7.226816148947405
7.158249637280655
7.140583521271862
7.283791902428288
7.1770501366480906
7.31294497421988
7.191712201054441
7.040568655814759
6.928728553694652
6.972285716724216
6.957997792073278
7.023855174538725
6.985149379008024
7.029885582340304
7.137013699965015
7.26876689630818
7.441771310358746
7.485286805879441
7.563932300975024
7.600817858526098
7.594279462590341
7.550379429807766
7.533864670872937
7.513105901537779
7.427221538991247
7.3857903013313555
iteration 16
6.729942703004476
6.5770392851844255
6.2656618985611745
5.725832595822519
5.323237335618554
6.0976589162393875
6.016086804974789
4.726831400700298
4.175982909539913
4.652235827125875
5.415682049265464
5.207658295313064
4.8900631722869825
4.559422227843092
4.38359642279731
4.707768805945762
5.411079364317799
5.360787523082389
5.2297893628658025
6.163739305050553
6.367762085687584
6.3128934085104955
6.311492414197414
6.292800505087351
6.258353014208686
6.389679954753089
6.638059537193491
6.954197169863583
6.787173863102993
6.565288709000472
6.423502390512762
6.229806327839366
6.266281447341409
6.167505192983942
5.902327545121364
5.829594228313782
5.6488753298051355
5.755846918361236
5.337956109835581
6.156034825221139
7.08596855500441
6.987452895869046
7.007025234336133
7.0008016154079895
7.012352552396428
6.890514516494236
6.758765985043901
6.790072487043613
6.982050007216889
7.003909479100809
6.9977118311872255
6.929523288896158
6.964058017196276
7.0939333901325226
7.044939655510615
7.13309155246241
7.099020950736118
7.110220040709124
7.125899875217227
7.069843229697744
6.827688584908483
6.796059454221297
6.593478962081865
6.60971979595189
6.403171388289764
6.430971373113082
6.494868195990912
6.581673171159065
6.9916230307059255
7.082311509106965
7.069973281755579
7.070469719581767
6.925393453817629
6.796358404428733
6.808928388807038
6.6965993861625925
6.602339000499267
6.366559601293819
5.9441637289523745
5.9859062408828105
6.1042690699467075
6.407032009754102
6.3039976650423055
6.434616750960549
6.799674912619587
7.020639623545375
7.030897316815795
7.198420648745904
7.362312248715674
7.3376438002130735
7.429604524686008
7.432807659920159
7.4927954838590995
7.4899227714430685
7.4316207737231705
7.478897540301676
7.4910061109680655
7.427665349422982
7.436190929047972
7.4766413298631145
7.422322338165596
7.382443062321795
7.439892900599688
7.448901603436045
7.454328708519804
7.416738484821366
7.483113990568267
7.4097608093325364
7.4660708815849
7.534015972629037
7.534814896634033
7.513975648867276
7.556754272325078
7.545196204971596
7.524592734202553
7.5019818237378555
7.453383708546841
7.498615437172988
7.483603441728733
7.530607386109481
iteration 17
6.186281525592039
4.70311298381638
3.963148366972847
3.7579969908824298
3.6527229528929666
5.222298234956296
6.502504198511891
6.624868675167557
6.409441696574611
6.334105177939714
6.169089808763008
6.269754745838813
6.492211699389201
6.678295515614297
6.694205852150366
6.6806037970229974
6.552865577189843
6.8475592766486155
7.327749438923401
7.374727241031556
7.600832863965232
7.541909315610886
7.259776821290723
6.991752466503589
6.840480240877447
6.888954301221328
7.022900911504396
6.985140348828798
7.217964197801861
7.537818079792971
7.275490857495114
7.568808589852053
7.36538702079916
7.379177155973354
7.1469640050192265
6.8273472794260615
6.7316051051700185
6.706617230242125
6.752197899071438
6.7809335046880514
6.676982995467533
6.7383667263137745
6.819882566197631
7.325651953440992
7.407605770638768
7.31320141663819
7.457868018203271
7.520252282019207
7.586353089526942
7.617639118730432
7.595749566784313
7.625079361962196
7.673281034520884
7.614281730993705
7.608412075708918
7.647940171346936
7.704145194682393
7.678833103532762
7.68340593386791
7.709145931974239
7.687684316710811
7.63871048701211
7.668404325140347
7.624425193140946
7.61183238812224
7.659314352221725
7.690674815054405
7.643951261171909
7.669921847702816
7.694677692205577
7.6666983843264
7.674066851030954
7.705365638542726
7.677922478252814
7.697751077254346
7.691437627906331
7.723525376093351
7.6732824242602735
7.699048840036813
7.754700643220562
7.7670295835862415
7.754376135236509
7.699542906734819
7.724824563883094
7.704804277044349
7.693035752030167
7.644036140771739
7.667342216622212
7.679008410101189
7.606298293240931
7.606523935994128
7.605852851957395
7.569051338136546
7.597633383422784
7.592721296752778
7.515997028710498
7.529970751785133
7.576856623783178
7.545538353961762
7.549914268366902
7.587431316694778
7.59886065591119
7.538160569124105
7.553000083694013
7.576610115740021
7.584564600287423
7.575063461574888
7.555532624026576
7.594022589676842
7.567059887571044
7.601359305216981
7.599128808448881
7.612683149558957
7.602105322743391
7.556817999607432
7.566993225312156
7.511750021291029
7.553160851953699
7.561443396644473
7.552503120672486
iteration 18
6.244486787708853
6.5229552016376955
6.0504469155314204
5.871227718673786
5.637910958506648
5.384768265182526
5.050388400373836
5.017917007586812
4.999114350708449
4.642963252541554
4.509444636512459
4.495981257202227
5.546532074393482
6.010215205047796
6.432301224079918
6.502274070792056
6.679727170600541
6.568550556448631
6.458835761993144
6.506202042515981
5.866925527182517
5.27400888113062
5.033658671974528
5.2274359752788
5.120538318557221
5.105664020929973
4.813269697324541
4.956194550813416
4.758217112359594
4.623531925320643
4.994130114415079
5.59252228571468
5.674458232424226
5.72194305378731
5.844300615191348
5.902292275672587
6.203957576970173
6.559755170878628
6.677272607008852
6.867865696915955
7.0270060976837145
7.023390987913282
7.142453822057957
7.092509203751092
7.195076376012242
7.122306084176724
6.964998708652015
6.9860833529401125
7.128872870184952
7.183035811030609
7.22140102721877
7.055595014076288
6.944301590004298
6.908440048835185
7.048782023881095
7.189864007783123
7.1718168209582895
7.283363721404816
7.339070799989077
7.245901691097588
7.256467325459504
7.3074739538125115
7.337379226396402
7.315160380837894
7.354108834627665
7.310185458744161
7.304930751273477
7.2685659738100155
7.225941807059021
7.2950084714875345
7.266878702146458
7.249210625388702
7.349787827694371
7.358552134371331
7.356524075375201
7.308392099974716
7.325808339078008
7.421565977619732
7.457540003189273
7.459036819767358
7.4262759507719025
7.452133943736548
7.512710440970228
7.439035363664898
7.433021570379788
7.445057094735303
7.391639732034168
7.415573802101846
7.419245375910441
7.453686598160414
7.426881326303494
7.40697093007631
7.3943342390134115
7.424504416768643
7.359189239320282
7.41779047845967
7.438169219472842
7.498893505300979
7.448524082294432
7.491164191279632
7.51026218217837
7.477097677491829
7.463007216141595
7.452149431251762
7.445592435370816
7.5074155418581645
7.47399899466817
7.50613172817181
7.555439204202193
7.505819370395278
7.528008920944958
7.52049847218567
7.537632677401981
7.58366026778976
7.575309456378645
7.620956700445712
7.68284093513795
7.543586883210398
7.510659676570055
7.46364992290185
iteration 19
6.815435009423742
6.1432091829844815
5.866563338514371
5.724640741217232
5.411582979981643
5.061484427846182
5.263512390397892
5.273925816451534
4.892604956004105
4.716191600667612
5.105327002664797
5.781524800440611
5.9566824662056135
6.228163409039956
6.519067354684093
6.174182047242243
5.973615207471876
5.881037157799315
6.055371759882198
6.239257176007152
6.293922651211666
6.188718085663798
6.032166924324344
6.044442821965349
6.142033924395361
6.127376757232961
6.093600377459823
6.135086681142395
6.26880120146805
6.286970363149295
6.381290433650374
6.237667059355607
6.193347949586871
6.265717200175963
6.113972616613088
5.9775938611243555
6.181273639942043
6.037473793147682
6.198223863305915
6.135527680647844
6.0192824830572205
6.1123884345230275
6.282070503645222
6.430074712266084
6.448124539960759
6.550093462949958
6.625887789234553
6.871094523824849
6.970162112246881
7.0331295394383435
7.0492496565578175
7.13885181187198
7.174121513833661
7.1564926577937555
7.169498816026848
7.159693563379815
7.084242048498166
7.198464430507882
7.267343891369044
7.2596547257797654
7.242963285379566
7.294934688798135
7.3073689136235815
7.3257716037169915
7.32951369766139
7.348383983070662
7.404744454266348
7.449280915241172
7.437103313097554
7.422106765592983
7.439170809306654
7.396973158963392
7.4021031909929444
7.421739437596414
7.483111419902409
7.4367871806900006
7.410944427883467
7.478563152626459
7.421931499649548
7.447189540434281
7.499712177008628
7.498730299054934
7.467416158252251
7.540339940784576
7.535051227210408
7.459176062377199
7.548881916912997
7.598520008371744
7.581002945966898
7.581013145155269
7.50082715833573
7.541641821463731
7.465772577794426
7.482407324533983
7.568641869208131
7.608524750648026
7.60391044086258
7.578926456076119
7.540735848698823
7.595947381934167
7.661452313833104
7.613408916130346
7.566335632839092
7.5454871492802855
7.5530444657483296
7.5807192484880686
7.625215715957652
7.612170598545531
7.651330301922469
7.639466958949603
7.659942525508415
7.650406331639439
7.641016741749328
7.56705033392923
7.567717276426817
7.599125920418951
7.591776298277518
7.627017005825507
7.621249477118123
7.673206393779188
iteration 20
6.16996272520247
4.078403196937367
3.6763643682756166
4.093724801808202
5.305050735572843
5.782052108150881
5.733001617442278
5.04674130967155
5.4694316080238385
5.5746018196516465
5.714867072054165
5.26398919968331
4.366401787734425
4.089713394081462
4.739825273604847
4.716141801411606
4.970390170560381
5.94491004778316
5.7347179459157545
5.956782341577556
5.944038302363348
5.792401367261179
5.863038192895076
5.817139639515114
5.850166779355065
5.70264358417053
5.464024409516697
5.5979217329779685
5.630158015648793
5.596122554155452
5.479038296276833
5.453243318693292
5.428116421354661
5.353128469550933
5.375741080235001
5.465648530922017
5.319278092487435
5.337643095976543
5.402412537645208
5.448650198933427
5.3667968442272675
5.4666126074530075
5.513445573986965
5.588221450354541
5.638903597848376
5.640540764695495
5.704804455048628
5.853994064794977
5.8389468786961265
5.859781284470533
5.87796286900448
6.290174816103153
6.275683782153228
6.213699205428182
6.514649910544209
6.540413439857494
6.488971146648413
6.47888261390107
6.391028900793729
6.411733659422501
6.531429809334976
6.659352669446555
6.713936618739669
6.74813402804323
6.746966241691471
6.80658953882
6.814382872710142
7.094061614685634
7.139032056649251
7.438226394630285
7.411405910955864
7.493565762790444
7.568723707209442
7.581554795218152
7.498113719838264
7.511515295573077
7.583548565420634
7.579097745343389
7.531367149014553
7.566872578641839
7.5699171471927915
7.545620362452396
7.512942537116357
7.5822706900975865
7.629895772882841
7.588785240335618
7.575131965662017
7.534238969148951
7.590366662220749
7.602721469277606
7.627573065988649
7.591910366273878
7.631541922412201
7.653426746744645
7.605542743498577
7.696105454344933
7.666955983503707
7.600586278303452
7.614164958894358
7.6204957544684255
7.602077627970796
7.6623679419620805
7.7019125327630595
7.594729699171288
7.612815736560853
7.596369987412653
7.5620640505064145
7.505377063020044
7.526528992642415
7.505305312854295
7.4589520722154825
7.418176956844243
7.4771771454890805
7.511786398856422
7.473313422907482
7.509068916477674
7.533444481438019
7.535317179778998
7.594622035604872
7.517230371893533
iteration 21
