nb_arms = 6, budget = 2
08:57:29
iteration 1
5.139581605508205
5.0579799472787546
4.73157624168304
4.758925729882612
4.276491230803279
4.3236080506945775
4.313602904265822
4.239335063530036
4.1334237063575765
4.10701344734271
4.002816237288472
3.9789284590050875
4.2434226342590184
4.295230654093234
4.35382251457655
4.143307918115232
4.048488766556056
4.276726770150842
4.219652840079805
4.06926505553493
4.324121940095717
4.3755103694618525
4.472444742204853
4.462207986032915
4.661597588475809
4.704695974845001
4.863640165107844
4.804246249308275
4.761811475815156
4.687166382520911
4.837799602723234
4.92258003279058
4.873497463090067
4.716687314614531
4.671936182246822
4.785850943933675
4.870558253721068
4.918844711521221
4.892860203016366
4.785597249749702
4.795132619062291
4.948048888547249
4.829502881540819
5.076996408977953
5.000263157558793
5.071515141751341
5.138197819337038
5.125712825887929
4.91404200129538
4.890976097074601
4.972911081523415
4.950770129394907
4.914605280317632
4.831438983258422
4.80290926062623
4.876104621129491
4.87652390176926
4.983474349431818
5.03429425611049
5.03468920437972
4.944000236048242
5.088981910450735
4.950577950642188
4.879492716955161
4.790429708905709
4.819251927782591
4.814595229269962
4.7584655534279445
4.753143489172816
4.957234418030308
5.065871025911592
5.070596751816199
5.124622185308056
5.116282766122862
5.0721486413435874
5.0840304232020594
5.091307001530179
5.092727551464309
5.106188618733329
5.028788640776922
5.090993352483468
5.124276437949053
5.006604234165781
5.063465033455909
5.011939273694845
4.979747492187282
5.220360654504812
5.195562215611467
5.124832989280284
5.1160806992750745
5.005058653419405
5.061731416690826
5.070183068680586
5.095084807000359
5.216498840655926
5.1145253908019495
4.923142819516327
4.855394033512123
4.967329831170394
4.983988498647659
5.054510198937041
5.027752681262466
4.931843571242377
4.885228885524974
5.092891065781653
4.9264664650376355
4.800654867834172
4.972532132681109
5.012695648070831
5.055406268642915
4.994929343532556
4.965232458891206
5.026087247267852
5.094784566840692
5.001272510998213
4.9870897623287656
5.01663267554456
4.935565072685069
5.11657350183274
4.949945130274619
iteration 2
5.1872183086627945
5.321601521344116
5.320756229885261
5.308649512288825
5.165111484106594
5.219309032691112
5.165656821105054
5.077194539730701
5.100379442127823
5.071707835199971
5.096949318407669
5.158024870099623
5.089156982012062
4.819344324308684
4.5874918591107265
4.64348543641305
4.765450076929746
4.7255467234670645
4.674658319957827
4.603854321716698
4.470837504671486
4.532523129654419
4.591252468719597
4.561327893822946
4.6147368751305775
4.586101968596265
4.55010209879421
4.610923851028778
4.698314084632682
4.624050485036635
4.594692061365459
4.569261610947942
4.574042979041552
4.526605919181035
4.512597962240563
4.52624832509961
4.498251670170643
4.564134976144832
4.707708254555139
4.7715664270042195
4.717176065134697
4.643986484980586
4.637759270821715
4.558433118631666
4.61894122313804
4.610088217856453
4.712538094671441
4.665294242923277
4.554254568558334
4.5352560855378705
4.408518953021562
4.540171122541388
4.656117913919007
4.701105754323634
4.686572147617989
4.7165246949106665
4.725233746178116
4.683999131833706
4.6542251996272554
4.698417608561509
4.792781150688733
4.713820321925491
4.759216442339172
4.774975438920637
4.802525843109169
4.811950665568669
4.793501901013149
4.846385919802642
4.857256261490042
4.850425823551882
4.801129038234123
4.785766108204917
4.771427374348989
4.831216843167412
4.873996034073336
4.8960395043266765
4.8417682525010495
4.819812561882667
4.897493606268435
4.8903615135614125
4.919151967011817
4.881853733087905
4.758386112641861
4.717424443912381
4.590585482006355
4.5226706155366365
4.621299203082771
4.683323411831774
4.599636986317166
4.5126198405733815
4.6837466574702615
4.612738700246633
4.640420006480987
4.648103834154727
4.76889465494323
4.767872599390629
4.745514665178999
4.717957747121679
4.735722808945402
4.788117314982769
4.801379466000213
4.797103759693249
4.877166754944177
4.896166739647543
4.873112813020241
4.850058275936607
4.871791645430949
4.896436402881701
4.892178345220133
4.804831458605276
4.855097710613201
4.835817100442788
4.8378047910275335
4.939636002919557
4.8584931830852085
4.81152380012064
4.8403738245907135
4.793229068435353
4.752333188563608
4.772972292241938
iteration 3
4.916845163019214
5.0892116879534965
5.19048720303165
4.9823696970474485
5.137735932707054
5.0084547190111435
4.944097976600489
5.111180892189579
5.122456615862863
4.959736786444029
5.042817398813591
5.285092671561106
5.3600875286702445
5.215695104134185
5.056334774438936
5.182213891002789
5.269546030734134
5.2600545398181495
5.201395934844685
5.158039076791957
5.200289047382448
5.272698389076908
5.276272327508209
5.214756261428895
5.15431637488088
5.220942897636037
5.279096145995977
5.3339453175067595
5.299732865624744
5.289797069130536
5.302218389485271
5.283863253547121
5.279312380958106
5.274584413017829
5.29128684258808
5.273523036795175
5.259913117653577
5.315711808960861
5.281232748410655
5.218659724395877
5.238185674505832
5.239556352477917
5.1599505973728625
5.1827591022645185
5.235261232463296
5.259495589548228
5.241540215515198
5.269063108870349
5.309720595298784
5.241290774430214
5.2692139695296625
5.326790708506146
5.3257291272452365
5.385643999925728
5.389590036912376
5.45342896870028
5.458041845230218
5.447785716387815
5.402216695072514
5.454229631604587
5.558582034286964
5.510687044246378
5.402395529680526
5.511220417981443
5.528060219392881
5.641790540230912
5.591549838761295
5.53283460273948
5.459394994393107
5.464316801007088
5.415901672768556
5.381759952968858
5.405173915009766
5.358681019152536
5.365066521695306
5.323776984947008
5.317744197357743
5.2605872135470735
5.286262925267582
5.320651999323924
5.3094523104395535
5.345287562148884
5.3443935200806365
5.309011819263698
5.3395451315271085
5.361308332430076
5.338820543216655
5.325980971740054
5.321493786308521
5.3774615047218735
5.3251999787892625
5.26611657705568
5.336459708183362
5.310487835025702
5.37369707583649
5.347828738966276
5.307898205788295
5.225094253706748
5.260901228120806
5.365639980660095
5.328055951797335
5.367950391670778
5.388235113574608
5.390543812899691
5.396643501593088
5.404009601650983
5.374790358458239
5.34340624256499
5.3985221542341595
5.388732474799704
5.394872649544735
5.372702142515776
5.3343974562543535
5.384859924756014
5.386964847295536
5.368020032322637
5.35347320356789
5.359022178434324
5.375034871703004
5.365238995138679
iteration 4
4.986192124526011
4.767795176608982
4.667993621979154
4.800619450197439
4.749866081355144
4.732610074023404
4.58370479339601
4.628114668711172
4.745340030415025
4.888537527757063
4.939977682967328
4.897473815258744
4.922108525152251
4.938463931970032
4.847798436607928
4.918868627350581
5.046463730355077
4.945105359723479
4.875183404123327
4.940930485229989
5.088152027395973
5.077976289893317
5.108930396713871
5.196351676655805
5.2239277755829745
5.282698726125556
5.321459997630168
5.298243619662481
5.30871995758813
5.305636672976524
5.285012228549144
5.324663660042247
5.345076891334936
5.338445537159576
5.314506932674174
5.3045487719248365
5.3005028367063005
5.305853348159945
5.312042020503089
5.319741395060005
5.335686495450805
5.321293381948721
5.323730038406328
5.320258390695925
5.29962742511609
5.302778350003405
5.32277843324828
5.297845990896613
5.306043834254299
5.322516943755045
5.32661875877165
5.322549994015046
5.326983758982056
5.321615554815271
5.329502434066776
5.3062272604728555
5.176697993616996
5.152275134638513
5.182123609129581
5.220219817596127
5.2816005088787055
5.270234480589471
5.290205161456998
5.305320799404843
5.261209297001756
5.196444699340368
5.048902457582801
4.9209319229970045
4.894590065385646
4.881917393539598
4.888845538013048
4.883376126453217
4.906003363759695
4.901933981678936
4.936675240671825
5.076183116879799
5.136102206073385
5.151230154943342
5.234246570112837
5.091353582777121
4.963300501937538
4.980168258585875
5.037763004957744
5.018053281102092
4.878746330623538
4.901060660836765
4.93865268291681
4.965603707110425
5.024454030552265
4.962092216622197
4.920069178355605
4.940119516910375
5.054614467995136
5.020904335889249
5.0230253339960695
4.935484196183482
4.853661396623536
4.878087568563063
4.909634222949023
4.975952631119748
4.980033059954988
5.002308679031779
4.929767627616963
4.9623925593763065
4.920827704339711
4.846871961266356
4.837812503596411
4.90907532144377
4.948093269165457
4.961546217078583
4.958604369451862
4.971387352395304
5.0102812381421185
5.047042227328254
5.011039867211597
5.024384321377216
5.008268091225599
5.012163838612469
4.915981964367269
4.898255095405431
iteration 5
5.237005993333668
4.88811326326778
5.091535156914059
4.874964888393729
4.63528899932929
4.964311226918378
4.953664118109741
4.870200887073448
4.910766025566678
4.807494943679136
4.8263862941966345
4.926259566003498
4.715138439763809
4.816069757870945
4.871981900328682
4.85444915770195
4.819248009356216
4.88720839330524
4.813259490799216
4.812281597047846
4.915534490562565
5.002417176834166
5.0143335350343925
5.002759940297696
4.887132875618212
4.905452673664997
4.94373282017421
4.991397882686106
4.97339467016245
5.02075915064105
4.977474237696491
5.027663142968908
5.005647102131731
4.929549629205231
4.937908825839871
4.896351105598075
4.787476986353022
4.690782420405335
4.62298720076465
4.643989223541621
4.67275503055751
4.713926506229688
4.718446432528106
4.7065251669282695
4.8185071200277285
5.0766218888721655
5.1569782350716515
5.367269279248925
5.413044986812716
5.347808841193643
5.35610500358183
5.321277399538482
5.334689142115923
5.31709019703873
5.2909548086903815
5.350445580671676
5.2589864124910015
5.347561847354763
5.305315623810552
5.334656922164113
5.3098232173851025
5.350732081603121
5.327905687466191
5.256919358775746
5.299714164788792
5.309284807616007
5.318298079033114
5.346330550136611
5.364015108604385
5.272372986108387
5.281115646765342
5.284931460858405
5.329899025261824
5.311655425354206
5.442298218418756
5.540869441556572
5.4450532129199765
5.417216680789932
5.401481448658717
5.3488048242743105
5.35741533629564
5.434041346723306
5.524260135200295
5.517070138011303
5.504510856580212
5.412659346443709
5.4603479740009275
5.527470486309348
5.399777091916419
5.460055354117737
5.450551746219037
5.434207848753248
5.4520617009136405
5.34970710453389
5.403351756214368
5.284552834736989
5.3129403792977605
5.307069960528655
5.374233028658275
5.423266263942008
5.433380326511273
5.485535853432861
5.329173604874504
5.424951625816709
5.482571306100396
5.43717778966589
5.40275113643621
5.469962916888376
5.482716945173487
5.399702932537581
5.24219323868759
5.25757507647549
5.389243575867337
5.504022435111344
5.538223527113956
5.537486672618673
5.493196776101416
5.443175667439327
5.464743406797231
5.501339126792136
iteration 6
5.160495050676271
5.188430299901373
5.246573162556263
5.280788469781746
5.246772912033188
5.184475072785902
5.1780113339033225
5.263825039906258
5.381243193877724
5.340955020175176
5.331046968009384
5.2870079231740705
5.238394938595345
5.210347460268426
5.1727986902459895
5.191517340721711
5.382884753972294
5.400584220844502
5.393788522147486
5.44600982933304
5.2950427781964
5.204677546894962
5.315957307880565
5.34392805146932
5.316618004550918
5.289935798008923
5.220473716194323
5.296983080133844
5.269557477173397
5.312655359856097
5.175290391672816
5.189905419142354
5.1975744971698115
5.259519665628812
5.2583678789140755
5.202474952947486
5.046129483493564
5.1578840068420195
5.13778865371358
5.167315452001322
5.192482557941307
4.9663022275355075
5.070853724422131
5.233220314283982
5.24309487133551
5.1857972970694926
5.078542699007928
5.0740963784820545
5.157848870391977
5.167216853590953
5.2161988994627855
5.13683007185983
5.174307565033473
5.204141504587775
5.171074081888317
5.156353105524106
5.141390035982193
5.116358144082067
5.177201802596524
5.244909812808805
5.264359247675934
5.248648890841947
5.002300807465353
4.918157534850564
4.85256825702666
4.924150302083358
5.016224202483531
5.01076951175996
4.842988581392486
4.837511419807539
4.946873653522812
5.056784318397412
5.043055410665541
5.118976898949924
5.052352965699438
5.106348038859978
5.121110545173952
4.9533854308912515
4.8718790223607975
4.98379298890448
5.217258645058922
5.057592791312196
4.9573794709715475
4.87038354061486
4.954412412637645
4.970598106195226
5.0842864931889
4.985249972227029
4.8725388487174675
5.191139150525531
5.276192216506871
5.127535549388872
4.976416582308897
4.997481776432494
5.048822320538588
5.130938381774697
5.005862685081499
5.118468837658163
5.281855034826249
5.166633259453492
5.127603095730928
4.989448447264874
4.977049347085724
4.918383884284638
4.965367075306438
5.102048722752312
5.070766980810621
5.171425826581344
5.190297292367368
4.9395405929581635
4.9478521582570245
5.027559068061577
5.0468064828804
4.984027029375091
5.05380275915919
4.970281653328185
4.970612878599393
4.984276893578667
5.010588743954846
4.971912128405981
iteration 7
5.1684753238818
4.948354335423581
4.991024818452196
4.8804602778376065
4.860769567981327
4.936316127176217
5.139124883809581
5.176491487674719
5.264079505091135
5.2962647718859985
5.19435243327144
5.061058551057842
5.072245074452283
5.184459168869916
5.169355576596599
5.071554255081034
5.114370184619615
5.279412804143219
5.2062058257808825
5.1126223739525125
5.16108958885984
5.140359569315043
5.266783557559155
5.301113331948061
5.281473757094161
5.305531131097621
5.270318434839988
5.385149259724624
5.365284328421641
5.296138825856453
5.378566474625038
5.269373385793574
5.135830144950428
5.21488836784873
5.267934495272285
5.315783868226264
5.347693725514086
5.275605064669564
5.347269233063969
5.263490133139377
5.330154865757063
5.2520674098478
5.163250172494828
5.21871703692702
5.2066157210128585
5.171749535436274
5.231018963756416
5.121669932965892
5.210879253587197
5.094439085679576
5.064034811435581
5.036956127653774
5.101159952081797
5.061657820394312
5.118222602703959
4.964525009889461
5.032308613367916
5.1048105726625925
5.06432375465119
4.986291998082993
5.132561240911314
5.110101664008149
5.089805817758805
5.074343407549763
5.132901671471788
5.098767044188424
5.152724587094685
5.131481516770561
5.128807203936167
5.124246030936599
5.297984137848265
5.263736871596624
5.151292038782711
5.1761390653273915
5.087290876984777
5.16928171155269
5.126710861841262
5.159359710401177
5.237422898666211
5.192597777977848
5.041403103175066
5.088286480618922
5.156191901995045
5.257255491453878
5.312018519464277
5.245595404340324
5.273027708723519
5.170897256061513
5.21201938037727
5.113812623543005
5.041753615847525
4.987416767084184
4.9449890702561925
5.072630269861127
5.1370058857630285
5.040482390201084
5.0651784550585415
4.873523162046184
4.895407108057619
4.9521701249842565
4.976689320973748
4.994433026614486
5.014164991446564
4.940882023794469
5.030029629675705
5.0654323890950215
4.990487640725407
4.976353495124139
4.9702830545113
4.989438582222036
4.976267173883174
4.976367080302534
4.942414140873705
5.0681500031957425
5.002978732117231
5.0621223799741495
5.051313300449318
5.091850774236644
5.120002634009636
5.146076424207334
iteration 8
5.364317795115959
5.201997977575438
5.1904274473822305
4.917420233560192
4.850085511110593
4.737643949332675
4.608806486533475
4.442494026909692
4.34852847388561
4.475712969990708
4.71346411679332
4.824579642791415
4.726447325750761
4.581479621370491
4.772852859869854
4.8191340487631
4.958922751163503
4.951556981116384
4.968567679755978
5.130238165389285
5.155300204037351
4.976214326508448
4.8410354584462985
4.745459236630713
4.952884823438728
4.994252758949235
5.101774685625686
4.910074565039263
4.865543813084656
4.861843222086274
5.021694186932803
5.043043645045896
5.009189275564821
4.944573800806958
4.736572912761039
4.942844743623451
5.060113845150052
5.070852095443774
5.010056013049872
5.103473316700338
4.924801398742241
5.00739681802677
4.915793801547731
4.719309214005416
4.571176094010213
4.696074888130422
4.970383873605006
5.041471783422979
4.995935367164751
4.846596280791305
4.915468958040032
4.989609633606874
5.112847505727211
5.0899134307683
5.140144479053125
5.402044878772285
5.32890092664973
5.435275956056886
5.40520681137433
5.392314216934083
5.354005148906176
5.163016488867235
5.154721303308086
5.200982634091353
5.216160915126022
5.258018336490517
5.291457747025052
5.480484830668414
5.404453339106522
5.305903416492058
5.292869018401676
5.1393215947546675
5.100136951469182
5.227970575256294
5.332758164697406
5.390596885826495
5.298878630798243
5.233421441461101
5.171889927663427
5.381031178559474
5.462580336122716
5.438678880973461
5.328912074743455
5.434313606382642
5.493202680276942
5.353481438521872
5.2576095129563445
5.267185271827822
5.328897547121943
5.514249831712177
5.509647528203308
5.355336420546819
5.150443619247387
5.229385948211058
5.438649539146367
5.541811899090825
5.541663491324502
5.496434616892597
5.39007050636707
5.455254325332241
5.419429083538547
5.335936945093673
5.434454648547886
5.470728850238395
5.418621176014333
5.424095978976585
5.447092329195354
5.475379754211555
5.468484099364941
5.485212846713932
5.540261741819824
5.564730088510232
5.428647860798136
5.516588890965992
5.536118082441156
5.514567879726446
5.526769863072396
5.4895677031974435
5.430323048198871
5.400415476902666
iteration 9
5.248695689602657
5.143251855079649
5.077768868595919
5.010709415307346
5.104315597764758
4.995260742493995
4.9748940247459394
4.916999801672502
4.824115192382081
4.981293176673271
5.040594577478892
4.958155389528199
4.93038379485732
4.867664014184303
4.938296220776697
5.025558852898037
4.943354445305154
4.970011238108452
5.1423470174527095
5.0918881391123
5.078512097940462
5.076670797797946
4.951083502221288
4.905427851285308
4.9345515691380095
4.976445379273839
4.968168013634192
5.05841750873624
4.9758878877850234
5.002371539492459
5.031825114234582
5.067775391645673
5.032181136482843
5.045041463629158
4.997763699437744
5.096949004790447
5.130502692466524
5.101779981006171
5.130849946492043
5.156069259570171
5.140924452259291
5.178743900220586
5.174919605711698
5.192361760498841
5.078054748887222
5.108483800098798
5.303251717668551
5.3597960055015355
5.304951620892418
5.383239499957216
5.312767921255215
5.385587267060567
5.407711688655443
5.3926888522571526
5.379859182288346
5.300076918520561
5.3206889865477365
5.35115635983164
5.326701445416384
5.355408535865675
5.330029734698904
5.248949484506585
5.259634801592267
5.344231658824546
5.340425022950101
5.2393056536813845
5.263778516382772
5.272710859692868
5.318524256464521
5.281287991970017
5.212439403848163
5.075084276026791
5.052359321045795
5.017670468622846
5.0733292413254425
5.112791397404861
5.096759007096474
5.0430478951131175
4.817074161347455
4.859535933304027
4.885111316328599
4.621035191827461
4.530340316841281
4.5536433779221115
4.608873679127937
4.645222672458138
4.684981995325768
4.499517924590321
4.508147610451022
4.457835078160865
4.476063759756391
4.558530687978925
4.450518953062174
4.54055164519769
4.603952030939783
4.784316114549474
4.7358620083176
4.695061146875189
4.772490791347218
4.658511198323541
4.662191160773612
4.767654777730921
4.6923177053385885
4.706850858336757
4.658825566708595
4.674626589383146
4.7500304037591174
4.762355279485085
4.720408184382111
4.672197878899078
4.62861023538008
4.596133450491273
4.651484893387248
4.636829213946051
4.609875024616894
4.685908967612571
4.736141193427616
4.776973303084085
4.718825601225581
4.700303173024295
iteration 10
5.153202234609187
5.1413285996924705
5.034405380543306
4.941221107858468
5.031283984530829
4.998235274460652
5.029122294141169
4.956852795942651
4.882423086159546
4.980540050822579
5.026292875243901
5.02185260640017
4.925168016636094
4.918483551614351
4.8905402150559985
4.951717445094001
5.1164192351317705
5.271815795375685
5.176514094727744
5.159215801523791
5.0028514228359855
5.07089197810516
5.166648939885977
5.19583937753613
5.261183911224452
5.263533073489377
5.105480587767755
5.099902797705801
5.17065500045249
5.296767707126625
5.336216192582197
5.235208106928593
5.306913710504158
5.202403648861358
5.199511321530318
5.308211815035876
5.2994128392925965
5.344252217062734
5.409796128651892
5.310042696929788
5.232414196715212
5.225469253807344
5.315037649651771
5.371790828825369
5.350718576108606
5.372439986039852
5.305234736445815
5.285287315488555
5.295887808945042
5.272129936732375
5.339762612415885
5.3176059261368955
5.396563899298022
5.461549543520857
5.322656149463922
5.242691441586523
5.090123081316514
4.78978029807581
4.756631823274447
4.80235010902943
4.771106952251212
4.772895896835134
4.789846570843621
4.724384678403197
4.79530346518456
4.849870186555536
4.8045464509191715
4.9135640469086015
4.913527817470455
4.76231289870725
4.88269232027498
5.051069825755222
4.917185484293239
4.937597030981991
4.960331867297419
4.896941138430497
4.963139635286789
4.986896772798778
4.977332396118227
4.959879554254375
4.962096316835017
4.986567531521185
4.937424508425761
4.896884532822105
4.761358167142732
4.841419657053339
4.903118839904736
4.864881388030819
4.878984371824246
4.826209388195627
4.922707012011946
4.88453140319719
4.813198398473099
4.8372133780278
4.632191911123309
4.651362640038503
4.674404069277235
4.573008003287706
4.702334166974476
4.691699905131575
4.543804403402987
4.547350435535568
4.5942850414722916
4.561240351975949
4.558188224671
4.705847487939582
4.767288199762166
4.684084357141843
4.661250147910185
4.733739390984282
4.963749227195827
4.9355288102024115
4.82446495508937
4.8577387588861285
4.924384280830135
4.8706792939220875
4.845848594028195
4.642395181430892
4.595326587634823
4.6263490007434
iteration 11
4.809729240630972
4.723275418701545
4.698330325147641
4.340245948257584
4.341706349769756
4.02133328980382
4.028138326757602
4.149180430578124
4.382422212763903
4.281041278162922
4.259522147318562
4.2792450554767365
4.192901551233895
4.2298822377121965
4.339447279894367
4.39826909649161
4.3881729729462675
4.3520504026431155
4.352042171202378
4.432561704113483
4.394013244704829
4.433473406772742
4.491352736976272
4.46246319255019
4.5473197468871716
4.5632727500847405
4.5577527291382305
4.576070106417188
4.679219011421946
4.803527286395216
5.049408396100841
5.092144581203818
5.104778428934214
5.069976118502884
5.066831729793453
5.095857414480255
5.132284275905331
5.072665440668896
4.99948933765588
4.951775267869642
4.997085150053379
5.072859695455244
5.0728653038992855
5.155813139934631
5.145933220398175
5.079376169896641
5.148082374810672
5.131954712561144
4.973431217806537
4.940005660874189
4.821519680416362
4.954939248564443
4.823060633303772
4.838163944488175
4.9084740342281945
4.783928146230787
4.7985343560045015
4.924893790260903
5.032647601798196
4.975122662745468
4.935134755088221
4.913008962743365
4.982105968671935
5.023330287411814
5.057942255579073
5.0581553972724285
5.103890327699451
5.062498667056541
5.081220121436496
5.134733145181396
5.135763127152739
5.095180532524183
5.006073946240364
5.055370632460889
5.14443869636738
5.236843666352983
5.114438975166446
5.109090009987322
5.2184662617460456
5.095565385663067
4.97915349895496
5.0114452826007865
5.074646321313991
5.00314197973002
4.963896175375113
5.016308502510976
4.990709861986536
4.991821822263719
4.966039464584888
4.903290921370627
4.944159659459952
4.984283383673247
5.014417103828597
5.007620210819296
4.977902532063663
5.020192701497233
5.018613268958571
4.9839347333297725
4.951226406784546
4.998901582735175
5.052701627897083
5.137842562643746
5.153983972998914
5.143391824413839
5.157083405861681
5.111573866525549
5.125923718660714
5.249648088697524
5.278054989376897
5.2435787961813185
5.242424288970252
5.2805548090881125
5.2063464075742
5.323256011455975
5.252970938360175
5.1618739818131765
5.220088674238806
5.243448447918422
5.247550276445801
5.3324315881537
iteration 12
5.094332307738778
4.8324230651094116
4.7914454949279
4.9485603411220955
4.750805960796167
4.8101004062728165
4.879988999998733
4.950410699306762
4.8796743319182605
4.749896994555391
4.818849503009388
5.013995777690111
5.05740988974947
5.01510913754207
4.994729989983501
4.983879755768546
5.03209701688532
5.052694784086972
5.0332693255281695
4.986228983503047
4.924149354878085
4.931863033366167
4.882548448019795
4.891816309577179
4.840852140208053
4.856214713689526
4.83051506330676
4.828652718643571
4.938384645419843
4.839694222839325
4.804839568039187
4.762049600115029
4.724023937596533
4.772672436720685
4.867503376276186
4.840958139832753
4.790850016035
4.678581532125214
4.674562807314434
4.7404348106086545
4.551518552814935
4.6131776406126015
4.606559170490772
4.644018308471957
4.742292056183377
4.754152190576563
4.934044538222376
4.956846182366313
4.9362619202946325
4.933614996898784
4.994117583538945
4.89508392278413
4.843632255133025
4.79643092415167
4.795672188846454
4.775987837924671
4.865556844263819
4.96113964894113
4.983077771832807
4.942745603693628
4.853437825819444
4.821498559561358
4.779221638978972
4.742679170728516
4.779066737925375
4.77660565376508
4.696753465804961
4.629393665555943
4.677105252311588
4.645133422115907
4.715738352204744
4.7327017242493525
4.671337921772769
4.7289806349601955
4.856784847552135
4.849841722173597
4.843643257199252
4.806289352560933
4.911730843391597
4.83880163965446
4.807725701145565
4.826944660644652
4.808381864271762
4.878852909935394
4.864972281031195
4.701270552338233
4.733073069311494
4.874200428576997
4.84357929211199
4.80945039104819
4.841624493866861
4.799914086127516
4.740329121054673
4.82284615878263
4.919520009119655
4.97330435281315
4.928682861946102
4.908091563180512
4.978291873323056
4.9370273327619465
4.846919725762641
4.737223941562491
4.861728572995204
4.828095594126621
4.891984602050545
4.782029873003008
4.829451821267983
4.835286096673866
4.9257836144148595
4.867890400400225
4.76596737325543
4.809239169603892
4.939459711157067
4.911496943219824
4.933954764156331
4.876665239115993
4.813064661018374
4.772450902805914
4.904400603820211
4.888657589521239
iteration 13
5.14807609390983
5.125384404918885
5.050835536472826
4.81732280308002
5.183713263028279
5.017000112364194
5.052160375528872
4.977217267982018
5.057604323774747
5.0990050867322365
5.085382892295116
4.7434709899045515
4.689457770344758
4.662734563074031
4.6275735156344755
4.62140682106533
4.628215575437861
4.770239601753154
4.877262557687325
4.903346272861893
4.902726247009474
5.005455115705874
5.043040108565889
5.091646090645252
5.044637725606057
5.179034935610244
5.243657140343938
5.171857673175492
5.087625004264113
5.106527513243653
5.0594809399366065
4.997344781199849
5.0324051415834115
5.003732471570581
5.008736389409144
4.95313703956931
5.015043697618352
4.938951576635005
4.8739980483843395
4.730051893193944
4.7568726470941165
4.674304333748363
4.719364949043616
4.799444684245615
4.867605900630078
4.861046450776858
4.726565074247868
4.791799543121808
4.851875667617283
5.013414353597092
4.9809660688883595
5.0260607518751526
5.191472595058389
5.147580682628364
5.051673999722701
5.015537137423899
5.103529274270147
5.043573903963516
5.045216830839074
5.036902912303013
5.0500171838441394
5.0421236964789715
5.086099882295184
5.108274266672584
5.114500099298383
5.099018952976926
5.098792023257429
5.252688972985615
5.270543906859753
5.312222036366577
5.284463266529611
5.218506307761499
5.290060450978985
5.31323670134809
5.325391365823645
5.304049184999278
5.290870857957865
5.2618186921602526
5.190143325280742
5.16587983700005
5.166693043782803
5.1762104102881645
5.2652724723694515
5.266757726366493
5.242542213661459
5.287217842215541
5.324580377300586
5.32429778591474
5.263508129207222
5.264457495519156
5.298085298082118
5.354437900954975
5.367683217046234
5.3445384713078825
5.234627360611045
5.2805763709706675
5.270941188983841
5.261314949449286
5.244778494793575
5.228531208406408
5.117304862585498
5.005336745548
5.096472927997099
5.103861422520814
5.1123015058225425
5.1181573874561925
5.187875980277812
5.283569975558776
5.208882812715485
5.2472858631352866
5.316990219099691
5.2545198090472285
5.258655277635926
5.330874451509543
5.42200127396535
5.509962151539164
5.536725246031904
5.429547411254182
5.346379998697794
5.329532772146105
iteration 14
5.174619367705557
4.9959621145901
5.028658549564013
4.914494402366447
4.941705354514516
5.007286513563705
4.865703677299759
4.8409478917604245
4.943831453717114
5.092328575177451
5.186384248333074
5.138515482129751
5.077913570908465
4.926569207381586
4.88108240887473
4.823595879060857
4.785389736701371
4.872599613266291
4.9165482330502455
4.914210031196961
4.921990273874852
5.011808409250281
5.022605342397492
5.017887333454449
4.949888662141533
4.991955394017501
5.006450178206461
5.048682143750395
5.025708079832267
5.040923653761819
5.0407154087944015
5.090705406934686
5.032868540226885
5.068443815889017
5.086147697166506
5.061285568321985
5.075369456988803
5.227090004234196
5.191846178256643
5.235753106625866
5.257202976566617
5.225608451430547
5.276481294344907
5.325383184309004
5.247845750134461
5.104341639617286
4.953004338816302
4.9294830853684966
4.942537449886276
4.9357728038301465
4.941809298633596
4.8840496917362035
5.00151534771651
5.044329444320951
5.156589871507978
5.1885439356721905
5.248099340738241
5.264579930839972
5.299546749118729
5.2354788777711265
5.23481094514794
5.278206371292647
5.24680074597144
5.204124270391117
5.2476785022836
5.257434545235503
5.238606596020555
5.244086674429138
5.26072802659875
5.101573426600336
5.001307860669852
4.94465106139022
4.9690093600715715
4.920459659516588
4.922351277672268
4.8827251370477125
4.855386372741972
4.892212351099396
4.953115903099068
4.97090512486355
4.964728197263792
4.952952780411193
4.978558730783759
4.943670549614177
4.844686318804402
4.9201860458101105
4.91102660716902
5.044218235868326
4.977567870398968
4.966127696888029
5.035883567457049
4.983769810997993
4.990862752070251
5.04639153141875
4.955914796529054
4.947568373385854
4.959283736942657
4.943963928799139
4.919694858220047
4.799661591116637
4.834214662333893
5.058657938360912
5.1411710831051245
5.0001789185457906
4.865172038215804
4.838329633351976
4.969241880583262
5.062731742983829
5.082140336624624
5.129648661316516
5.094635784757086
5.113107117962161
5.164715945818752
5.250930038529736
5.251421986558943
5.202049573041927
5.2471768413264614
5.277868648949802
5.277251719686652
5.307183193811955
iteration 15
4.955274884707781
4.543418311723074
4.577936795614587
4.9870288150446065
4.989275517660854
4.88360377613485
5.218518852025857
5.089178661219396
4.924132641659681
4.917064697825183
4.833015797075018
4.741638575196941
4.8212300935434165
4.832241569339156
4.942785757198467
4.978850510631254
4.986386790886345
4.982706282355115
4.960910678572354
4.960841218026928
4.900683094610725
5.062277998328845
5.106340439458461
5.1674383877963805
5.342679804124981
5.3831786466740175
5.39286133122761
5.377815588766851
5.304430024070544
5.326021790846426
5.356455456240951
5.439344966002716
5.32863462964447
5.156838508013715
5.027597571936242
5.0536748589678835
5.024082842350539
5.102074315815973
4.994861945641799
4.966572389664439
5.23182746241535
5.347971587769482
5.4124837638197025
5.305800388568191
5.275715994033926
5.258340649051048
5.186284193504947
5.15328114699596
5.2015911728324316
5.312150836652645
5.242644114147538
5.234903231833735
5.228612786604185
5.343591519305563
5.335140853703402
5.213891303388452
5.177311847085871
5.159930101677283
5.232147014470914
5.2990325004440315
5.277344621332125
5.307196437729207
5.345344577427933
5.356988743589255
5.223082567410445
5.188025231744251
5.097852988920329
5.1310778540089395
5.133866653537999
5.211381162845232
5.218959586795497
5.343140408794175
5.372957158459776
5.299459597054217
5.30137358059221
5.3106404231368245
5.20108980210401
5.115636865655335
5.081381795444609
5.181941603440557
5.132984868497198
5.164571060343632
5.0489307489978374
5.116952346669095
5.255045144668532
5.361242434827521
5.255570818094798
5.151626711195356
5.118610788767426
5.108105100776433
5.0638140694797675
5.017485723127615
4.782997912601389
4.789913013566973
4.773809632028879
4.978553815420805
4.943326444257218
4.948643314745137
4.92536571893273
4.808471133724478
4.906574561935873
4.781078440425417
4.6878317344525335
4.582702683472032
4.61373240105892
4.523265221372517
4.497347361109717
4.519043119143479
4.47384575217411
4.464182111440834
4.467727806289563
4.722699799424666
4.812728683758748
4.748260179642698
4.540334975718101
4.470016661331074
4.516352289329597
4.465328262431584
4.4713517000706995
4.487984575273413
iteration 16
5.084695995697868
4.937949895625145
5.321340799039896
5.013262927481576
5.225987468483073
5.278363053192816
4.986774275172659
4.989058720881775
4.931348513897152
4.899966220653477
4.869401960539198
4.966725542308344
5.017083031743384
4.854700773663
4.740800821231004
4.636098475898321
4.720403372410144
4.71263830731653
4.906396223151993
5.062794895383221
4.741564584387302
4.7631128715863165
4.791202426040263
4.837598190668732
4.7272710694671005
4.5934321758635654
4.674156277981244
4.702848018554784
4.7067161042700745
4.72661197820219
4.880075582518135
4.808687918325862
4.805377593832213
4.790787628113932
4.805792993732063
4.826564404934319
4.878064511150606
4.924537339525818
4.95575334472674
4.992626371960393
4.985279695621171
4.957446018915412
5.008131276296718
4.910609274272197
4.755517967892271
4.794646417531018
4.9091876523695674
4.842488798295408
4.83687038909734
4.850453806895013
4.937258462470884
4.9861606911871865
4.941414480954057
4.997049511182052
4.984199867780393
5.025700637943802
4.999617747176002
4.994703941571986
4.9826908118278705
5.027235095410403
5.049159667874289
5.075027223797466
4.97628470836566
5.160852427725859
5.008165553211375
5.070704013988874
5.211816285109021
5.229178582425592
5.283029245155444
5.2657299933889075
5.277406761970564
5.247544325963629
5.273597207879238
5.272613585777591
5.324303943640449
5.412312400729121
5.39085376355172
5.362818835656664
5.260700158176447
5.34011646115755
5.284522764154405
5.314341051446925
5.390789906684793
5.341084358894074
5.3379026236466816
5.246953355681395
5.309711456194741
5.320927555030648
5.290485326396717
5.239354743941817
5.154735286661454
5.189215703385047
5.089050956801539
5.161226996926537
5.247013531609802
5.0571233661336725
4.9534795072706705
4.920989453376278
4.934573886821317
4.9855418679055274
5.088578708751512
5.017261061154293
4.912943902052748
4.9398031060237555
4.904469075230382
4.9970752908587395
5.0463380308951375
4.963051385486209
4.988492057984637
4.982635379013244
4.941124335966634
4.983520422751618
4.957190604106854
4.927269986999403
4.986930181734202
4.945645398106438
5.038146393347662
5.201140817061924
5.249038771696246
5.281596057747155
iteration 17
5.195910970785537
5.327600033038541
5.471107604089841
5.115423611993881
5.148018187113541
5.357517766136819
5.280674139902295
5.258445444372691
5.176213991790968
5.12949964981111
5.199519098804914
5.265642695957622
5.190440909239035
5.236833550959707
5.204169856478908
5.059654072397968
4.879637506276114
4.935675989779687
4.922240777073733
5.031085379144562
5.102734268046162
5.170149656382705
5.187060690343503
5.11137531755854
5.19850272955503
5.150255836095215
5.220531231534201
5.202329752918863
5.216007646911768
5.351092586519725
5.343387705127891
5.287733272089679
5.266888271987873
5.232785601560082
5.182012140566506
5.215556978296794
5.232123186996064
5.205138028787351
5.167614437488481
5.086453888899943
5.188118386161741
5.190202691743164
5.102284830800025
5.024019314513343
5.050983030147279
5.172249844268173
5.1944129873732034
5.189093809160155
5.1362279261432
5.083857492849066
5.178206744245249
5.147726099911611
5.153516007674124
5.20133193446492
5.158191977091135
5.121738147152457
5.045763176122347
5.058483151134408
5.047018679880786
5.072661865804437
5.046194637532512
5.00792263968186
5.048152289705826
5.077236805746487
4.978528558676314
4.966325906580991
4.964785773717214
5.0871618630977675
5.2206592425229665
5.164605322626425
5.2131333443948
5.216747633936343
5.2417735018386304
5.356258941162544
5.345855409292159
5.244154949678441
5.25573896032468
5.2648965081835035
5.375915948520851
5.226264145187466
5.248633563725651
5.390809341386574
5.391849564732812
5.337258003984975
5.272431069934046
5.189340961021076
5.098842079198823
5.2027781692926025
5.340193755599771
5.396900477038288
5.4237335637602975
5.427240499013293
5.422005896065407
5.410448844613901
5.439965106993533
5.4340729514069075
5.438714413841805
5.427584756092716
5.404926336314652
5.427077291505689
5.273830821299821
5.388799466462728
5.414849716414954
5.380677870588445
5.422751205948049
5.420663915837492
5.396219409618407
5.338666181336808
5.395956022979033
5.389063252720174
5.381940423926352
5.342888456649193
5.304963866471936
5.421676336919604
5.418673308618585
5.42797131423868
5.418218807169436
5.3805461192025374
5.417789735419712
5.359625163251436
iteration 18
5.053711137545413
4.926946476687309
4.747997358174871
4.6140150492533465
4.704087177239001
4.862033310204701
5.256817115657301
5.325456470229086
5.104584571060312
4.958886434343959
4.969670200022348
5.0551212219970925
5.166385858216221
5.1313381133801945
5.200681891702901
5.127330037591151
5.188811083509034
5.110313962944684
5.152155161672832
5.010960819992378
4.966438127197522
4.985856786467233
4.852600794917094
4.970652532792181
4.988009643719426
5.041053270388562
5.028451576717488
5.029772952764318
4.969309775132795
4.927235192348749
5.008845154157341
5.049967576707448
5.040504589487923
4.920865387333043
4.918472248141252
4.917581555146696
4.967690901506217
4.887202986643745
4.924221320793738
4.888705908836585
4.858738886353358
5.00760018974483
4.972789802781553
4.8830334802432125
4.900534745461145
4.927871156749834
4.874933475736868
4.872447781925644
4.894439579445325
4.8736394795969495
4.95576200069247
5.001253538478158
4.915696918668142
4.90046962542078
5.125541637370174
5.208225429241337
5.186439461150047
5.156010628319502
5.135544812477232
5.0425956012812705
5.054072696910061
4.948375419287723
5.160655156540713
5.198566509198704
5.130753993816521
5.209105439085793
5.180261757906622
5.141693808397803
5.204957596246196
5.237568541981463
5.223293437260299
5.1877855636648595
5.127670611029401
5.107972540596063
5.107413344115577
5.049881837311101
5.086351798591754
5.108478172654394
5.02793466997141
4.985306199968966
4.965070213655602
4.984139423882487
4.99730793581805
4.954787311078954
4.9617703858928115
5.015195277822985
4.997016502559275
5.013686883843677
5.014554267481053
5.022561418242003
5.089307206670524
5.102939037351039
5.125420253153685
5.071495907538295
5.060809017735519
5.056867674610794
5.105640820163884
5.124198901410934
5.131559479324244
5.1875072792102115
5.048582670637114
5.070609263064295
5.09356784224652
5.114479959277071
5.146083700632402
5.131543318533825
5.118262477101791
5.131443401643873
5.098902675777317
5.083125161316858
4.991928472926204
5.0202635602590115
5.113487040271849
5.003493388137412
4.980455268024068
5.013320545209045
5.023728686804911
5.042268293327484
4.9391496202512855
4.965861483309771
iteration 19
5.208416014077913
5.153641914483467
5.159924176568609
5.342572398857714
5.356810003566287
5.140325950962929
5.135665380106961
5.242046853096725
5.1975147074792885
5.171676338971514
5.197299375199477
5.296889428721911
5.357889642327328
5.259524152388515
5.338301007020947
5.267337987392031
5.237027898613316
5.352415222620598
5.396514563229296
5.324506953515372
5.333196309371284
5.356618004458348
5.272960702611752
5.260213279653325
5.329388294688273
5.332904526272847
5.452666510173442
5.479204558789819
5.298895007620003
5.267217453113923
5.145413860048733
5.390168256991204
5.381043623279998
5.379576036428963
5.161300582205825
5.14902507228212
5.150385834308434
5.338232086423358
5.373588413765463
5.4142173155704745
5.417744273340039
5.2044301453355715
5.297968287397579
5.196734167862019
5.241800086785463
5.202166539388844
5.2581956459811146
5.287240246257743
5.298038308256381
5.357707467369752
5.4004147016634825
5.347156575222532
5.271091801732832
5.2246963528927335
5.315569344595926
5.347695896412924
5.217109692345548
5.081980089441276
5.083602502435946
5.105328538314258
5.018157665826011
4.944611329270007
5.0823809515391085
5.134259793128049
5.064904022164367
5.021715385962727
5.098021451332088
5.165247215757445
5.108671019516137
5.084068522194101
5.1634570700340365
5.340135872052858
5.273568306890066
5.232078133906681
5.103668142513957
5.025469293755818
5.182425976206402
5.081516438872649
4.948023555560731
5.122231124515524
5.181194556462321
5.299477702070156
5.155265162744288
5.081920295023183
5.221259373597255
5.176052573319866
5.090651576309551
5.057487501678117
5.280163957238447
5.16380603729717
5.096435136307705
5.123038063948274
5.128815216610089
5.0850542411552615
5.103032027606937
5.199423814093027
5.340691165628362
5.374140120370448
5.365258280483002
5.405076092562727
5.358151208065017
5.204688047229736
5.172415788295276
5.2274013857582835
5.000270445008809
5.086180137388185
5.358496730977348
5.35446220065986
5.319070979099329
5.383241296259152
5.433351400268833
5.280666925259063
5.239931725087165
5.162012079061169
5.396608541274193
5.39483327678474
5.448169372582893
5.282953050001835
5.3072594021174835
5.323596931943684
iteration 20
5.100051667065036
5.054528787471532
4.983951816656532
4.924833290826944
5.039327870807112
5.029510015546767
4.947796250754121
5.016754725321568
5.068746761533744
5.142433594537107
5.040325224182489
5.0419000761202355
5.120634467454637
5.077962128817822
5.049344086078361
5.0328186552454826
5.061043076121866
5.151454290365833
5.251350632424999
5.005623790170932
5.051310839067139
5.175163125080093
5.205622095477151
5.238819377256033
5.177931490345769
5.188427534951634
5.259686914974623
5.209821838268438
5.227855128231315
5.162373586410698
5.147288090101204
5.093518623416338
5.224648514370105
5.1637795750219455
5.202083105834958
5.252453870621909
5.237011123288348
5.244881587986012
5.2118266822543395
5.40499519378248
5.500719832569988
5.584377342654982
5.5513736773244355
5.471695714510845
5.4616810870385155
5.333466936172882
5.31637962011996
5.488278630020575
5.41196873821423
5.4380356460136765
5.542311994884673
5.513236869094824
5.498355659460864
5.452191594118416
5.419599221872991
5.495673096948171
5.493926972613317
5.435402815787849
5.470425785868583
5.4744764936239
5.393701858302319
5.474861310844824
5.516119453198103
5.399737311922625
5.438678922615305
5.42763049989963
5.379604607784896
5.30754801319598
5.217858308603459
5.135084521063174
5.240078654111527
5.393986654575401
5.389481255678756
5.429835360036939
5.397929170245763
5.4396326752611595
5.450868289373767
5.350952421332785
5.260428219205968
5.2802264406480655
5.216921810067264
5.210362266870235
5.206186786277163
5.268935606590977
5.294474993762063
5.278603927894089
5.1959117764033
5.1490778759077465
5.239216149546009
5.297597945469498
5.255551167635847
5.080857246988045
5.020139166556001
4.959094366215283
4.939642070328581
4.995368116402625
4.989457638307927
4.938872024273383
4.997969963287653
5.075296899898635
4.951328468394341
4.909779018078644
4.928631412507705
4.97360161045546
4.9388179782204125
4.90032395434937
4.920801752538999
4.967689662213268
4.889933173654643
4.85744645484795
4.895987856155293
4.943854013316096
4.9196089270434955
4.889781744619876
4.862426538421536
4.8958807591156
4.873834028219586
4.866862073058245
4.92116016713507
5.000402516826373
iteration 21
