iteration 1
-16.6
-16.86
-17.33
-17.06
-17.75
-16.72
-18.66
-17.76
-19.01
-17.54
-19.4
-16.64
-17.87
-17.73
-17.38
-16.79
-18.94
-17.24
-17.2
-17.3
-16.52
-17.32
-18.05
-17.43
-18.51
-18.8
-16.94
-18.21
-17.62
-17.11
-17.62
-17.52
-17.12
-16.53
-17.03
-17.7
-17.84
-16.98
-18.27
-16.95
-17.24
-17.83
-17.5
-16.81
-17.08
-17.88
-16.6
-17.89
-18.27
-16.85
-16.5
-17.56
-16.77
-17.25
-16.23
-17.18
-17.08
-16.98
-17.13
-17.13
-17.57
-17.71
-16.67
-17.66
-17.16
-17.43
-16.9
-17.88
-16.93
-17.07
-17.12
-17.13
-17.92
-18.58
-18.12
-17.8
-17.07
-16.65
-16.86
-17.6
-17.55
-18.32
-17.42
-17.65
-17.05
-17.3
-17.69
-17.4
-17.36
-17.8
-17.03
-18.26
-18.25
-17.14
-16.78
-17.6
-17.86
-16.96
-16.98
-17.46
-17.35
-16.9
-17.11
-16.77
-16.91
-18.36
-18.06
-17.88
-16.88
-17.35
-17.26
-16.74
-18.3
-17.58
-16.44
-17.65
-17.08
-18.74
-17.34
-17.22
-17.8
-16.51
-16.56
-16.84
-16.83
-16.76
-16.51
-16.63
-17.64
-17.55
-16.78
-16.73
-17.26
-17.02
-16.13
-17.14
-17.01
-18.44
-17.31
-17.54
-17.07
-17.23
-17.43
-17.4
-17.1
-18.68
-17.97
-18.28
-16.75
-16.97
-17.26
-17.73
-17.64
-18.4
-17.75
-17.39
-17.81
-17.53
-17.49
-16.81
-17.25
-17.02
-16.8
-17.15
-17.51
-17.84
-16.87
-17.48
-17.21
-16.86
-17.54
-16.92
-17.07
-18.56
-17.59
-17.57
-17.6
-17.18
-16.94
-17.28
-18.84
-17.46
-17.11
-17.12
-16.56
-17.09
-16.87
-17.0
-17.53
-17.23
-17.58
-18.35
-17.67
-17.44
-18.61
-16.71
-17.92
-16.9
-17.33
-18.38
-17.88
-16.18
-16.58
-17.32
-16.29
-18.12
-17.34
-17.58
-16.87
-17.46
-18.03
-16.68
-16.36
-17.28
-16.7
-17.77
-18.38
-17.98
-17.18
-18.35
-16.41
-17.65
-17.44
-17.43
-17.08
-17.16
-17.0
-16.49
-16.48
-15.97
-16.8
-17.38
-17.84
-16.42
-17.62
-17.01
-17.66
-16.74
-17.08
-16.98
-16.94
-17.09
-16.97
-16.59
-18.15
-17.09
-16.85
-17.84
-18.2
-16.67
-17.45
-16.94
-17.56
-18.35
-17.69
-16.35
-17.98
-17.31
-18.77
-18.6
-17.07
-17.6
-17.49
-17.44
-17.77
-17.88
-17.17
-16.77
-17.56
-16.99
-17.29
-17.98
-17.15
-17.12
-16.76
-16.88
-16.89
-17.01
-16.58
-16.98
-17.5
-16.86
-17.21
-17.31
-16.97
-17.26
-17.77
-16.33
-16.86
-18.33
-16.95
-17.5
-17.09
-16.76
-17.45
-17.71
-18.85
-17.56
-17.24
-17.99
-16.7
-16.07
-17.47
-16.94
-17.17
-17.38
-18.41
-16.65
-17.75
-17.18
-18.39
-17.74
-16.86
-17.07
-16.56
-17.83
-17.42
-16.77
-17.15
-17.87
-16.41
-17.48
-17.52
-18.58
-16.87
-16.88
-17.52
-16.98
-17.3
-17.46
-17.55
-17.46
-17.74
-16.9
-18.18
-17.09
-17.13
-16.25
-17.26
-16.95
-17.56
-16.33
-18.29
-16.67
-19.01
-16.85
-16.44
-17.69
-16.59
-16.23
-17.02
-17.16
-16.31
-17.83
-16.58
-20.85
-17.0
-17.06
-16.99
-17.27
-16.38
-17.45
-17.18
-16.5
-17.74
-17.59
-16.67
-16.22
-17.5
-17.05
-16.92
-16.99
-16.85
-17.17
-17.38
-16.76
-16.72
-17.33
-17.75
-17.66
-16.97
-16.75
-18.96
-16.39
-17.39
-17.25
-17.76
-17.44
-17.33
-17.62
-17.3
-17.99
-16.96
-17.15
-16.48
-17.62
-17.38
-16.79
-17.11
-16.63
-16.51
-17.02
-17.66
-18.03
-18.04
-16.78
-17.36
-17.69
-17.56
-16.29
-17.1
-17.35
-16.76
-17.32
-17.02
-17.33
-19.03
-17.15
-16.83
-16.39
-17.87
-17.69
-17.37
-17.43
-17.75
-17.71
-17.91
-16.77
-16.77
-17.55
-17.95
-17.08
-17.24
-16.72
-17.67
-16.83
-16.94
-17.38
-17.07
-17.69
-17.0
-16.76
-17.24
-17.71
-17.47
-18.48
-16.64
-16.68
-17.17
-17.39
-17.24
-19.15
-17.05
-18.36
-17.93
-17.23
-16.51
-17.35
-18.24
-17.2
-17.02
-16.97
-18.76
-17.02
-16.71
-17.34
-18.56
-17.39
-17.65
-17.09
-17.3
-18.7
-17.49
-18.18
-16.91
-16.88
-16.93
-19.04
-16.83
-17.67
-17.82
-16.86
-18.66
-16.87
-16.95
-17.84
-16.94
-17.23
-17.68
-16.92
-16.2
-16.41
-17.72
-16.54
-17.89
-17.85
-17.43
-17.36
-16.5
-17.35
-18.41
-17.21
-16.7
-17.16
-17.13
-17.3
-17.83
-18.29
-17.28
-17.77
-17.17
-17.42
-16.74
-17.78
-16.93
-16.51
-17.54
-17.47
-17.66
-16.52
-16.83
-16.62
-17.32
-17.29
-16.43
-17.1
-17.56
-17.1
-17.81
-17.35
-17.84
-17.46
-16.56
-17.57
-17.05
-16.93
-16.45
-16.66
-16.85
-18.14
-18.18
-16.83
-17.2
-16.73
-17.76
-17.35
-16.34
-17.56
-17.02
-17.74
-17.86
-17.06
-16.79
-16.89
-17.89
-16.75
-17.65
-17.85
-16.98
-16.92
-17.14
-16.79
-17.84
-16.73
-17.92
-17.7
-18.46
-17.14
-17.76
-17.47
-17.19
-17.25
-16.84
-18.16
-17.25
-17.03
-17.1
-17.34
-17.02
-16.83
-17.3
-17.32
-17.4
-18.03
-17.17
-18.08
-16.48
-16.86
-17.04
-17.51
-17.77
-17.9
-18.38
-17.69
-17.26
-17.35
-17.34
-16.68
-17.02
-17.0
-18.31
-17.61
-16.69
-16.4
-17.94
-17.02
-17.83
-17.05
-16.88
-17.3
-17.06
-17.39
-16.83
-17.1
-18.72
-17.34
-16.61
-16.99
-16.78
-16.69
-17.54
-17.88
-17.0
-17.94
-16.73
-17.01
-20.28
-16.83
-18.12
-17.33
-16.6
-17.67
-17.17
-18.21
-17.42
-17.75
-17.25
-17.09
-16.41
-19.48
-17.29
-16.76
-16.92
-16.75
-16.86
-17.21
-16.26
-16.81
-18.55
-17.65
-17.34
-16.66
-16.67
-17.48
-17.07
-16.42
-18.0
-17.48
-18.21
-16.78
-17.67
-17.08
-17.56
-17.32
-18.43
-18.09
-17.41
-17.14
-17.1
-16.81
-18.28
-16.89
-17.39
-16.6
-17.04
-17.03
-17.28
-16.38
-16.59
-17.05
-17.02
-17.04
-16.77
-18.06
-16.95
-18.16
-16.32
-17.85
-16.67
-16.66
-17.48
-16.31
-16.82
-17.13
-16.41
-18.22
-17.65
-17.01
-19.3
-16.25
-16.37
-18.22
-16.94
-17.89
-16.73
-17.7
-17.92
-17.35
-17.66
-16.81
-17.2
-17.19
-17.74
-16.98
-17.55
-17.98
-18.14
-17.23
-17.12
-17.02
-17.3
-17.27
-17.51
-16.74
-17.35
-17.35
-18.12
-18.18
-17.28
-18.01
-16.63
-16.95
-17.59
-16.7
-17.28
-16.85
-17.42
-17.77
-16.45
-17.48
-17.22
-17.23
-18.42
-16.74
-17.44
-17.02
-16.33
-18.05
-16.47
-18.09
-17.09
-18.33
-17.04
-16.71
-16.56
-17.32
-16.33
-16.47
-17.37
-17.07
-17.07
-17.75
-17.21
-17.0
-17.76
-17.42
-16.95
-16.71
-16.78
-17.6
-16.55
-17.43
-17.53
-17.8
-17.16
-17.42
-19.63
-16.48
-17.98
-17.05
-17.13
-16.64
-18.75
-16.42
-17.51
-17.56
-17.36
-18.17
-16.9
-18.08
-17.17
-16.92
-16.55
-17.13
-17.45
-17.58
-16.91
-17.4
-17.78
-18.3
-18.46
-17.33
-17.57
-17.44
-17.46
-18.5
-17.02
-18.33
-18.42
-16.84
-16.61
-17.36
-18.22
-17.89
-17.32
-16.71
-16.97
-17.68
-17.03
-16.29
-16.62
-17.66
-16.65
-17.5
-18.43
-17.52
-17.02
-16.63
-18.11
-17.27
-17.13
-17.66
-17.65
-17.88
-17.35
-17.34
-18.03
-18.24
-17.09
-18.74
-17.58
-17.48
-17.83
-16.99
-16.74
-17.25
-17.42
-17.38
-17.1
-18.76
-17.04
-17.73
-17.4
-17.56
-16.68
-16.41
-17.59
-17.82
-18.35
-18.32
-18.17
-17.61
-17.6
-17.72
-18.33
-16.13
-17.42
-17.21
-16.18
-17.46
-17.13
-17.21
-17.09
-16.69
-17.84
-17.09
-16.95
-17.01
-16.89
-17.26
-16.87
-17.47
-16.56
-17.02
-17.82
-17.24
-16.78
-17.18
-17.15
-17.64
-17.47
-17.57
-17.17
-17.57
-17.1
-16.92
-17.98
-16.92
-17.17
-17.53
-17.46
-16.58
-16.83
-17.66
-17.0
-17.27
-16.8
-17.66
-16.65
-17.44
-17.79
-17.84
-17.26
-16.53
-17.21
-17.07
-16.72
-17.74
-16.92
-17.16
-20.1
-17.23
-17.51
-18.18
-17.32
-16.95
-17.08
-17.21
-17.78
-17.6
-18.54
-16.51
-17.14
-16.41
-17.18
-16.87
-16.46
-16.59
-17.68
-17.4
-16.74
-17.53
-16.52
-16.55
-16.56
-16.67
-17.4
-16.38
-18.1
-16.65
-17.27
-16.65
-17.25
-17.09
-17.17
-16.78
-16.49
-18.07
-17.64
-16.65
-17.37
-17.29
-17.98
-16.77
-17.4
-17.2
-17.05
-17.61
-16.9
-17.43
-18.44
-18.94
-17.0
-18.42
-17.49
-18.38
-17.09
-16.61
-19.17
-17.37
-16.93
-16.66
-16.93
-16.93
-17.36
-18.96
-17.56
-16.48
-16.62
-17.62
-16.74
-17.61
-17.63
-17.68
-17.42
-18.7
-16.73
-17.67
-18.03
-16.9
-18.56
-16.85
-16.42
-16.94
-16.52
-17.07
-18.33
-17.47
-18.88
-17.59
-17.34
-17.67
-17.69
-16.67
-19.24
-16.98
-17.84
-18.25
-19.26
-17.05
-16.57
-17.13
-18.1
-16.68
-18.41
-17.85
-18.04
-16.83
-17.52
-17.13
-17.68
-17.8
-18.46
-17.16
-16.8
-17.23
-17.16
-17.27
-16.7
-17.46
-17.47
-16.67
-16.71
-18.88
-17.79
-17.56
-17.71
-17.01
-17.55
-16.73
-18.03
-16.84
-17.91
-17.09
-17.75
-17.06
-17.04
-16.72
-16.68
-19.22
-16.58
-17.9
-17.92
-16.82
-18.03
-16.32
-17.92
-16.83
-16.73
-17.25
-17.54
-17.66
-19.44
-18.36
-17.44
-18.24
-18.08
-17.09
-17.94
-17.2
-17.91
-17.42
-18.0
-17.25
-18.15
-17.66
-17.22
-16.81
-18.29
-17.49
-17.36
-17.94
-18.3
-17.49
-17.0
-17.16
-18.4
-19.48
-19.41
-18.03
-17.83
-17.15
-16.64
-16.9
-17.31
-16.53
-17.3
-16.92
-17.66
-17.44
-17.42
-18.05
-17.3
-17.55
-17.27
-17.53
-16.32
-17.54
-17.23
-16.79
-17.68
-17.42
-17.3
-19.07
-18.07
-16.92
-17.13
-16.8
-16.34
-16.87
-17.17
-16.63
-18.22
-16.41
-17.15
-16.38
-17.39
-17.2
-17.16
-17.78
-18.73
-17.68
-17.32
-17.17
-17.38
-16.79
-16.95
-16.5
-17.12
-17.4
-16.67
-17.5
-16.52
-16.9
-18.76
-17.34
-17.61
-17.14
-17.24
-17.63
-16.96
-16.85
-17.52
-16.17
-16.72
-17.04
-16.6
-18.45
-17.43
-18.19
-17.51
-17.75
-17.1
-19.04
-16.84
-16.36
-17.71
-20.1
-17.35
-17.6
-16.36
-18.2
-18.05
-17.23
-17.28
-16.97
-17.22
-16.85
-16.71
-18.23
-16.81
-16.93
-17.17
-17.08
-18.26
-17.91
-16.86
-17.38
-17.83
-17.56
-18.78
-18.45
-17.96
-16.88
-16.74
-16.55
-16.49
-17.07
-16.68
-17.43
-16.76
-17.48
-16.13
-17.17
-16.7
-18.1
-17.4
-16.86
-17.13
-16.76
-18.26
-16.71
-16.97
-17.07
-16.56
-16.06
-17.05
-16.92
-17.15
-16.92
-17.06
-17.3
-17.07
-17.25
-18.22
-17.19
-16.82
-17.5
-17.66
-17.58
-16.7
-17.06
-16.43
-17.75
-18.15
-17.74
-17.67
-18.12
-16.88
-17.34
-17.76
-17.33
-17.95
-17.86
-16.33
-16.79
-16.84
-17.39
-17.53
-17.16
-17.0
-17.04
-16.74
-18.03
-17.25
-17.53
-17.93
-17.4
-16.51
-16.56
-17.36
-16.98
-17.77
-16.89
-17.41
-16.59
-18.56
-17.61
-17.63
-16.95
-17.09
-17.12
-17.58
-17.09
-17.13
-16.87
-17.34
-17.61
-18.56
-19.07
-16.56
-18.12
-17.01
-18.16
-17.41
-16.71
-16.79
-16.86
-17.16
-17.97
-16.45
-17.8
-17.44
-17.15
-16.43
-16.5
-17.39
-17.47
-17.03
-16.79
-16.73
-17.24
-17.28
-17.39
-16.29
-16.44
-16.95
-17.33
-16.75
-17.89
-17.09
-17.2
-17.01
-17.54
-17.68
-16.94
-17.61
-16.2
-18.14
-17.05
-18.08
-17.2
-16.81
-16.91
-16.97
-17.0
-16.53
-16.86
-17.54
-17.5
-17.81
-16.7
-16.56
-17.67
-18.09
-16.74
-17.47
-18.2
-17.21
-18.41
-17.32
-16.78
-17.02
-17.58
-18.42
-16.71
-17.18
-18.11
-17.81
-18.3
-16.74
-18.66
-17.86
-16.96
-17.04
-17.48
-16.41
-17.38
-18.83
-17.15
-17.25
-16.62
-17.29
-18.49
-17.63
-18.06
-18.07
-16.61
-18.21
-17.65
-17.55
-16.88
-16.5
-17.13
-16.7
-17.05
-16.7
-16.92
-17.63
-17.14
-16.73
-18.32
-16.64
-17.97
-16.97
-17.28
-16.65
-17.43
-17.77
-17.44
-17.4
-17.14
-18.94
-17.28
-17.52
-17.27
-16.75
-17.08
-17.82
-17.18
-17.4
-17.1
-17.07
-16.83
-19.17
-17.85
-16.38
-17.14
-17.01
-16.63
-16.6
-16.6
-17.26
-16.91
-17.01
-17.05
-17.72
-17.66
-17.43
-17.45
-16.66
-16.85
-18.24
-17.38
-17.64
-16.85
-17.47
-18.34
-17.85
-17.99
-16.76
-17.74
-16.94
-18.0
-17.3
-17.5
-18.76
-16.83
-16.98
-16.34
-17.56
-19.38
-17.25
-16.98
-17.3
-17.51
-17.47
-17.19
-16.7
-18.45
-17.09
-16.98
-17.04
-17.93
-17.43
-16.58
-16.78
-17.83
-17.5
-17.45
-17.23
-18.0
-16.81
-17.35
-18.06
-17.87
-17.58
-16.53
-17.31
-17.22
-16.44
-17.74
-17.83
-16.86
-16.83
-16.71
-17.05
-17.43
-17.95
-16.75
-17.05
-16.75
-19.0
-16.97
-18.98
-17.21
-17.43
-17.7
-16.91
-17.37
-16.44
-18.34
-17.08
-18.0
-17.6
-16.6
-16.86
-17.78
-16.78
-16.98
-16.3
-17.21
-17.35
-17.64
-16.25
-16.59
-16.95
-16.98
-18.1
-16.95
-17.91
-17.35
-16.53
-16.63
-16.9
-18.0
-19.95
-17.16
-17.48
-16.79
-16.74
-17.68
-17.36
-17.43
-16.89
-18.02
-17.48
-17.16
-17.76
-16.86
-17.25
-16.75
-17.66
-16.8
-18.03
-16.89
-17.93
-17.34
-17.43
-17.04
-16.89
-17.03
-17.63
-17.26
-17.28
-16.94
-17.22
-17.61
-18.3
-16.88
-16.68
-17.03
-16.91
-18.53
-17.18
-16.46
-17.99
-16.68
-17.5
-16.35
-16.62
-16.82
-16.45
-17.24
-17.86
-17.41
-17.25
-17.1
-18.62
-16.98
-17.61
-17.68
-17.59
-18.48
-18.41
-17.3
-17.16
-17.22
-16.57
-17.99
-16.61
-17.48
-17.44
-16.3
-17.25
-17.82
-17.2
-17.63
-17.31
-17.0
-17.01
-17.56
-17.01
-17.83
-17.95
-17.07
-17.34
-18.44
-18.42
-17.99
-16.35
-17.22
-17.42
-17.41
-17.32
-17.95
-18.02
-17.57
-16.66
-16.79
-17.2
-16.83
-17.29
-17.53
-17.53
-17.69
-17.6
-17.14
-17.22
-16.89
-16.98
-16.64
-16.61
-17.79
-18.09
-17.77
-16.86
-17.58
-17.13
-17.07
-17.09
-16.21
-17.58
-17.47
-16.95
-16.99
-16.97
-17.87
-16.98
-19.37
-16.93
-17.83
-17.84
-17.39
-17.64
-16.87
-16.92
-16.64
-17.02
-17.6
-19.55
-16.71
-17.75
-16.49
-18.98
-16.95
-17.98
-16.08
-18.19
-17.67
-16.53
-18.49
-17.6
-17.02
-17.29
-16.34
-16.72
-17.07
-17.74
-17.75
-17.14
-16.45
-17.06
-17.04
-17.01
-16.81
-16.92
-17.33
-17.13
-16.69
-17.42
-17.04
-16.68
-17.4
-17.19
-16.69
-17.68
-17.18
-17.53
-17.19
-17.09
-16.91
-17.1
-17.86
-17.46
-17.15
-17.24
-17.51
-17.01
-16.77
-17.3
-18.25
-16.91
-19.13
-17.3
-16.58
-17.08
-17.35
-17.62
-16.46
-17.23
-18.49
-17.57
-16.97
-17.14
-17.6
-17.24
-17.11
-17.29
-17.27
-17.08
-17.05
-16.96
-16.99
-17.42
-16.92
-17.36
-17.66
-16.6
-17.06
-17.34
-16.79
-16.9
-16.87
-16.96
-18.26
-17.23
-18.64
-18.41
-16.7
-17.4
-17.87
-16.98
-18.45
-17.29
-17.67
-17.9
-18.13
-17.29
-17.33
-17.52
-18.31
-17.62
-16.29
-16.81
-17.18
-17.68
-17.35
-16.95
-16.35
-16.66
-17.87
-16.76
-16.84
-17.07
-17.24
-16.74
-16.96
-16.58
-16.62
-17.13
-17.24
-17.06
-18.0
-17.95
-16.6
-18.87
-16.68
-17.64
-17.33
-17.03
-16.99
-16.97
-16.33
-17.58
-17.11
-18.17
-16.93
-18.01
-17.64
-17.45
-17.36
-17.34
-16.7
-16.76
-16.83
-16.94
-16.72
-17.87
-17.07
-18.31
-17.42
-17.52
-17.92
-17.78
-16.7
-16.89
-16.94
-16.43
-17.61
-17.45
-17.11
-18.21
-17.96
-18.83
-17.62
-17.41
-17.23
-18.01
-16.34
-17.22
-17.03
-16.29
-17.44
-16.67
-16.55
-17.27
-17.28
-17.41
-17.13
-16.68
-17.14
-17.22
-18.39
-17.28
-17.02
-17.65
-17.17
-17.59
-16.47
-17.55
-19.54
-16.86
-17.05
-18.33
-17.17
-18.2
-17.3
-16.82
-16.88
-17.42
-17.01
-17.2
-17.04
-17.25
-16.8
-17.45
-16.35
-17.38
-17.12
-17.52
-17.58
-17.25
-17.75
-17.55
-16.98
-17.25
-16.65
-16.4
-17.41
-17.82
-16.98
-17.01
-16.95
-16.72
-17.37
-17.17
-17.44
-17.15
-17.1
-17.41
-16.62
-17.2
-18.11
-16.91
-17.86
-16.93
-18.24
-16.94
-17.06
-17.37
-17.86
-18.39
-17.6
-17.15
-17.47
-16.72
-16.93
-17.66
-17.7
-17.08
-17.87
-17.42
-18.15
-17.39
-16.85
-16.6
-16.68
-16.84
-16.81
-16.88
-16.79
-19.35
-17.47
-18.91
-16.8
-16.92
-17.26
-17.27
-16.55
-16.31
-17.11
-17.01
-17.43
-17.83
-17.42
-17.29
-17.3
-17.09
-16.99
-17.16
-17.17
-17.29
-17.08
-17.03
-18.01
-17.13
-17.45
-16.46
-16.49
-17.14
-18.6
-17.62
-17.39
-17.28
-16.71
-17.71
-18.13
-17.63
-16.82
-17.41
-17.33
-17.26
-17.62
-16.88
-16.65
-17.69
-16.51
-18.62
-18.17
-16.02
-17.93
-16.99
-17.25
-17.19
-16.81
-17.68
-18.22
-18.03
-16.92
-16.75
-18.21
-17.34
-18.22
-16.94
-19.02
-16.75
-17.35
-15.95
-17.49
iteration 2
-17.91
-16.86
-16.33
-17.55
-17.25
-17.23
-17.48
-16.56
-16.74
-16.81
-16.88
-16.9
-16.7
-16.89
-17.62
-17.37
-16.76
-17.26
-17.38
-17.71
-17.58
-17.45
-18.68
-16.77
-16.45
-17.18
-16.85
-17.91
-17.28
-17.8
-16.55
-17.41
-17.26
-16.66
-20.37
-17.46
-16.56
-16.54
-16.42
-17.65
-18.88
-16.99
-16.69
-17.96
-18.03
-17.1
-17.82
-18.28
-18.55
-16.75
-17.64
-16.78
-17.33
-17.44
-17.33
-17.52
-16.9
-17.03
-16.39
-16.66
-17.85
-16.41
-16.96
-17.43
-17.18
-16.69
-17.4
-18.69
-17.96
-16.49
-16.97
-17.22
-18.0
-17.35
-16.72
-16.61
-17.29
-16.77
-16.44
-17.17
-16.98
-17.15
-17.73
-17.12
-16.91
-17.13
-17.23
-17.78
-17.72
-17.43
-17.15
-19.4
-16.66
-17.25
-17.44
-16.69
-18.36
-16.69
-16.83
-18.34
-16.79
-17.48
-16.33
-18.51
-17.17
-17.26
-16.64
-18.46
-17.22
-17.86
-16.76
-17.49
-17.69
-16.96
-17.76
-16.91
-17.58
-17.53
-17.08
-17.17
-17.23
-17.1
-16.65
-17.92
-17.01
-17.13
-16.94
-16.8
-16.38
-18.6
-17.1
-17.46
-16.43
-16.86
-16.27
-17.31
-17.53
-17.83
-16.94
-17.47
-17.33
-17.12
-17.34
-17.02
-16.79
-16.97
-17.28
-16.92
-17.33
-17.16
-16.67
-17.41
-17.97
-16.68
-17.73
-17.14
-16.37
-17.15
-18.17
-16.21
-17.86
-17.97
-18.53
-18.54
-17.29
-17.0
-16.4
-17.91
-16.98
-16.54
-17.67
-16.82
-17.48
-16.92
-17.47
-16.72
-17.77
-18.39
-19.05
-17.03
-17.38
-17.98
-17.34
-17.94
-16.96
-17.46
-17.62
-16.8
-16.64
-18.33
-17.49
-18.31
-16.95
-17.8
-18.26
-17.22
-17.13
-16.39
-16.88
-16.83
-16.87
-17.04
-17.16
-17.29
-17.77
-16.81
-16.85
-17.12
-17.07
-16.91
-16.78
-17.14
-17.04
-16.55
-17.61
-17.36
-17.24
-16.86
-17.06
-16.59
-16.4
-17.68
-18.59
-17.6
-16.71
-17.69
-16.82
-17.39
-17.04
-17.06
-17.11
-17.97
-16.7
-17.19
-17.58
-17.87
-17.66
-16.76
-17.62
-17.12
-16.42
-17.27
-17.4
-16.88
-16.57
-17.3
-16.93
-17.35
-16.76
-16.89
-16.93
-17.16
-16.41
-16.63
-17.12
-17.58
-17.03
-16.94
-17.45
-17.14
-16.86
-18.29
-17.38
-16.36
-17.39
-18.02
-18.01
-16.78
-18.1
-17.28
-16.21
-16.7
-16.77
-16.66
-18.65
-17.76
-17.78
-17.64
-17.09
-17.66
-16.95
-17.36
-17.41
-16.52
-17.0
-17.97
-17.32
-17.87
-18.23
-17.39
-17.63
-18.2
-17.48
-17.24
-17.72
-16.82
-16.59
-17.99
-17.19
-18.14
-17.41
-18.2
-16.82
-17.48
-16.98
-16.97
-16.98
-17.77
-17.55
-19.33
-17.89
-17.08
-18.39
-16.72
-16.64
-16.67
-16.64
-16.92
-16.49
-18.02
-16.74
-17.03
-17.37
-17.88
-17.06
-17.24
-17.32
-17.77
-18.12
-16.78
-16.36
-17.48
-18.09
-17.71
-17.5
-15.98
-18.27
-17.67
-17.84
-16.85
-17.25
-17.08
-17.17
-17.26
-17.31
-16.98
-17.76
-17.9
-18.13
-19.21
-17.5
-17.18
-16.85
-16.91
-17.89
-17.13
-16.79
-17.6
-16.44
-18.04
-17.74
-17.59
-17.25
-16.91
-16.88
-17.15
-16.89
-16.4
-17.0
-17.27
-17.54
-16.78
-16.96
-17.41
-17.28
-17.39
-17.01
-16.85
-17.73
-16.17
-17.64
-16.63
-17.58
-16.44
-17.85
-18.37
-17.03
-17.69
-17.65
-18.2
-18.13
-17.47
-16.9
-16.89
-17.13
-17.47
-17.28
-18.34
-18.22
-16.88
-17.41
-16.95
-16.34
-17.24
-17.45
-17.94
-17.72
-16.78
-17.36
-17.47
-16.22
-18.24
-16.34
-16.71
-17.14
-16.62
-17.06
-16.72
-17.48
-17.12
-17.98
-16.94
-16.59
-16.93
-17.79
-17.46
-17.51
-16.73
-17.3
-16.39
-16.72
-17.72
-17.46
-18.46
-17.31
-16.74
-17.25
-17.19
-17.48
-17.61
-17.85
-17.18
-16.86
-17.12
-17.51
-17.14
-17.29
-16.44
-16.84
-17.24
-17.36
-17.73
-17.15
-17.78
-17.35
-17.27
-17.82
-16.43
-16.35
-16.78
-19.55
-16.96
-16.62
-16.79
-16.5
-16.7
-19.18
-16.89
-17.42
-17.31
-17.41
-17.29
-18.91
-17.03
-17.24
-18.34
-16.81
-17.72
-17.14
-16.55
-17.13
-18.04
-17.49
-16.46
-17.31
-18.37
-16.99
-18.53
-18.16
-17.54
-17.78
-18.55
-17.24
-17.35
-16.89
-18.02
-17.79
-17.05
-18.09
-17.15
-16.37
-16.8
-17.19
-16.56
-16.49
-16.35
-18.24
-17.62
-16.78
-17.29
-17.75
-16.36
-17.87
-17.4
-17.64
-16.59
-16.99
-17.79
-17.2
-17.8
-17.76
-16.77
-17.43
-17.64
-17.93
-18.13
-17.7
-16.84
-17.45
-17.86
-17.21
-16.63
-18.62
-16.78
-17.48
-19.58
-17.68
-17.09
-18.64
-16.95
-16.84
-16.98
-17.2
-17.55
-17.19
-16.47
-17.37
-16.73
-16.92
-16.89
-16.84
-17.96
-16.76
-17.42
-17.06
-18.38
-17.77
-16.95
-17.08
-17.07
-17.66
-16.86
-17.66
-17.35
-17.11
-16.9
-16.43
-16.57
-16.75
-16.94
-18.12
-17.71
-18.0
-16.29
-17.4
-17.76
-16.98
-16.77
-18.04
-17.14
-17.25
-16.24
-17.58
-17.65
-17.28
-18.6
-17.72
-17.79
-16.24
-17.88
-17.02
-16.76
-16.98
-17.53
-16.66
-17.21
-18.55
-17.57
-17.29
-17.16
-18.71
-17.34
-17.23
-17.52
-16.94
-16.85
-18.23
-17.15
-16.83
-17.05
-18.41
-16.83
-18.37
-17.51
-17.82
-17.22
-17.97
-17.06
-17.49
-18.73
-18.77
-18.08
-17.23
-17.04
-19.2
-18.2
-17.69
-17.54
-17.6
-17.12
-17.37
-17.43
-17.59
-17.64
-17.54
-18.08
-17.44
-16.92
-16.76
-17.74
-17.11
-17.66
-17.12
-18.09
-17.35
-16.67
-17.45
-18.68
-17.17
-17.24
-16.59
-16.85
-16.85
-17.84
-16.84
-16.31
-17.95
-18.11
-17.86
-17.15
-17.13
-17.51
-17.65
-16.67
-16.64
-18.1
-18.13
-19.52
-16.85
-17.53
-16.42
-17.8
-17.57
-17.61
-17.74
-17.33
-17.8
-17.43
-16.97
-18.1
-16.33
-17.01
-17.3
-17.73
-17.15
-17.11
-17.34
-18.67
-17.29
-18.63
-16.69
-16.61
-16.49
-17.74
-18.48
-17.45
-16.75
-17.52
-18.24
-17.01
-17.85
-16.46
-17.35
-17.56
-17.46
-17.56
-17.09
-16.59
-16.49
-17.05
-17.13
-17.93
-16.64
-16.31
-17.7
-17.13
-17.69
-17.51
-18.12
-17.71
-16.66
-17.58
-17.1
-17.98
-17.84
-17.65
-17.87
-17.82
-18.61
-17.93
-17.77
-17.62
-17.21
-17.05
-16.97
-18.56
-18.16
-17.06
-17.24
-17.07
-17.69
-17.06
-17.89
-16.53
-16.92
-17.82
-17.39
-17.62
-16.42
-17.37
-17.21
-17.09
-17.58
-16.99
-16.43
-17.06
-17.21
-18.08
-16.99
-17.07
-17.07
-17.2
-17.96
-17.75
-17.34
-17.03
-16.71
-16.57
-17.37
-16.48
-18.81
-16.95
-17.48
-17.01
-17.1
-18.38
-19.46
-16.84
-17.08
-16.61
-17.07
-17.25
-16.68
-16.13
-17.91
-17.82
-16.56
-17.73
-16.96
-17.22
-17.51
-19.53
-16.2
-16.85
-18.69
-17.01
-17.06
-17.04
-17.18
-17.56
-17.03
-17.39
-17.42
-17.48
-17.44
-16.54
-18.51
-17.41
-17.59
-18.16
-17.04
-17.58
-16.93
-16.3
-16.61
-16.91
-16.56
-17.41
-16.87
-18.26
-16.69
-18.37
-17.44
-16.92
-16.43
-17.23
-18.29
-17.68
-17.6
-18.09
-16.54
-17.15
-18.19
-16.99
-17.09
-17.58
-17.0
-16.79
-16.81
-17.93
-17.06
-16.67
-17.14
-17.17
-17.36
-16.69
-17.97
-17.34
-17.67
-16.47
-16.97
-17.36
-18.12
-17.66
-16.81
-16.73
-17.47
-17.38
-16.51
-17.3
-17.1
-17.06
-17.09
-18.37
-18.13
-18.28
-17.98
-17.42
-16.83
-17.61
-16.69
-18.08
-17.23
-16.49
-18.55
-17.04
-17.36
-17.22
-17.7
-17.14
-17.1
-17.78
-18.07
-16.69
-16.91
-18.29
-15.99
-17.52
-16.9
-17.44
-17.52
-17.52
-16.93
-17.27
-17.64
-16.98
-17.38
-16.78
-18.07
-17.11
-17.61
-16.88
-17.08
-17.44
-18.58
-18.31
-17.1
-17.67
-17.39
-17.17
-17.76
-16.8
-17.84
-17.87
-17.12
-17.46
-16.6
-18.77
-17.85
-17.29
-17.89
-17.8
-17.33
-17.29
-18.13
-17.09
-17.54
-18.15
-18.82
-17.72
-18.06
-16.5
-16.27
-18.36
-17.24
-16.34
-17.26
-16.88
-17.66
-16.03
-17.09
-16.82
-17.49
-17.01
-17.35
-17.2
-17.55
-16.9
-16.88
-17.33
-16.75
-17.36
-17.65
-17.47
-17.52
-17.26
-16.89
-17.15
-16.72
-16.9
-16.61
-17.05
-16.31
-16.41
-16.86
-17.09
-16.88
-20.13
-17.13
-17.22
-18.12
-17.16
-17.2
-17.06
-17.43
-18.05
-17.8
-18.28
-17.27
-17.48
-16.77
-17.55
-16.73
-16.92
-16.45
-17.13
-16.86
-17.91
-16.95
-16.67
-16.22
-17.74
-17.14
-17.63
-17.28
-17.01
-18.39
-17.34
-17.64
-17.69
-17.79
-17.19
-16.87
-16.87
-17.26
-17.05
-18.06
-17.66
-17.88
-16.8
-18.72
-17.16
-17.89
-16.58
-17.17
-18.3
-17.02
-17.45
-16.92
-17.27
-17.91
-16.69
-16.6
-16.9
-17.09
-17.81
-16.95
-16.91
-17.27
-17.85
-17.19
-17.42
-18.15
-17.36
-17.13
-17.95
-17.47
-16.4
-17.64
-17.3
-16.64
-16.3
-17.23
-17.11
-17.23
-17.34
-19.3
-16.48
-16.37
-17.5
-17.84
-17.21
-16.64
-17.82
-17.35
-17.33
-16.95
-18.3
-17.68
-17.28
-17.23
-18.54
-16.97
-16.69
-17.97
-17.42
-17.3
-16.76
-17.38
-17.81
-17.4
-17.34
-16.76
-16.99
-17.88
-17.32
-18.67
-16.62
-17.89
-16.48
-17.1
-16.67
-17.58
-18.15
-17.31
-17.32
-17.01
-16.15
-16.8
-17.02
-17.23
-16.67
-17.41
-16.91
-16.86
-17.21
-17.61
-16.61
-16.78
-16.92
-16.42
-16.93
-18.01
-16.72
-16.85
-17.57
-17.12
-16.72
-16.8
-16.64
-17.26
-16.5
-16.71
-16.86
-17.73
-17.48
-17.67
-17.26
-17.37
-17.94
-17.3
-16.17
-17.08
-17.43
-18.12
-16.7
-17.7
-17.05
-17.37
-17.02
-17.62
-18.02
-18.49
-16.8
-17.39
-17.84
-16.47
-17.43
-19.53
-16.95
-16.91
-16.78
-16.5
-17.3
-16.98
-17.1
-17.28
-17.94
-17.12
-18.76
-16.35
-17.31
-17.48
-16.91
-18.54
-17.17
-17.05
-17.31
-17.19
-16.94
-16.82
-17.36
-17.3
-16.58
-17.23
-18.45
-18.02
-16.05
-17.3
-17.14
-17.76
-17.32
-18.69
-18.16
-16.97
-17.82
-16.69
-17.42
-17.26
-17.05
-16.67
-16.96
-16.73
-16.63
-17.32
-18.06
-17.15
-17.13
-18.3
-18.05
-17.04
-16.31
-16.86
-17.64
-18.08
-17.64
-16.81
-17.2
-17.49
-17.92
-17.07
-17.12
-16.63
-16.64
-16.49
-18.9
-20.36
-17.12
-17.73
-17.81
-16.55
-17.07
-16.84
-18.03
-17.71
-17.31
-16.61
-16.93
-16.75
-18.48
-17.82
-16.9
-16.85
-17.32
-16.59
-17.58
-17.76
-17.78
-17.83
-17.83
-16.99
-17.28
-16.67
-17.7
-17.22
-17.33
-17.05
-17.05
-16.93
-16.71
-17.49
-17.1
-16.82
-18.59
-16.64
-16.97
-16.9
-16.93
-18.93
-16.99
-17.51
-16.35
-17.76
-16.89
-16.9
-17.85
-16.99
-17.0
-17.16
-17.17
-17.51
-18.75
-18.02
-16.75
-17.49
-17.15
-17.09
-17.72
-17.14
-17.19
-16.63
-17.17
-17.43
-16.82
-16.92
-18.33
-17.02
-16.75
-16.98
-17.26
-16.89
-16.27
-18.59
-16.9
-17.85
-16.89
-18.09
-17.27
-17.55
-17.52
-17.85
-16.66
-17.03
-17.86
-17.53
-18.01
-17.51
-17.37
-18.51
-17.21
-16.33
-17.17
-16.72
-17.24
-16.76
-17.51
-16.6
-17.29
-16.36
-17.07
-17.12
-18.71
-17.55
-17.41
-17.28
-17.03
-16.85
-16.47
-17.06
-17.59
-18.07
-16.4
-17.35
-18.36
-17.16
-16.01
-17.06
-18.13
-17.44
-17.68
-17.59
-16.98
-16.67
-15.97
-16.58
-17.38
-17.07
-16.95
-18.06
-17.34
-16.57
-18.41
-18.27
-17.76
-17.43
-18.89
-17.5
-16.41
-17.67
-18.97
-16.62
-17.66
-17.18
-17.34
-16.58
-16.46
-16.59
-17.0
-17.22
-18.11
-16.77
-16.78
-16.31
-18.22
-18.52
-18.0
-17.34
-16.85
-18.11
-16.72
-17.19
-17.37
-18.14
-17.63
-16.72
-16.26
-16.68
-17.07
-17.2
-17.91
-18.05
-17.07
-17.43
-16.65
-17.9
-17.69
-16.82
-16.68
-17.46
-18.42
-18.13
-17.69
-16.72
-16.99
-16.62
-17.43
-17.9
-17.45
-17.66
-17.19
-16.87
-18.31
-17.63
-17.37
-16.97
-16.76
-16.64
-18.47
-18.17
-16.83
-17.18
-16.49
-16.99
-17.03
-16.7
-17.12
-17.55
-16.89
-17.03
-17.19
-17.63
-17.66
-18.25
-17.35
-18.48
-17.55
-17.03
-16.58
-18.67
-17.45
-16.38
-18.12
-16.72
-17.0
-19.13
-17.61
-16.53
-16.73
-17.41
-17.75
-16.7
-17.4
-18.14
-16.47
-18.25
-17.66
-17.24
-16.77
-17.86
-16.99
-17.76
-17.53
-16.45
-16.47
-16.83
-16.72
-18.63
-17.51
-17.11
-17.93
-18.09
-16.99
-16.87
-16.86
-18.46
-20.17
-16.71
-17.95
-16.9
-18.01
-17.11
-16.94
-17.59
-17.2
-18.04
-16.96
-17.73
-17.09
-17.75
-18.04
-17.4
-18.8
-17.02
-17.9
-18.23
-16.41
-16.78
-16.59
-17.96
-16.97
-17.32
-18.09
-15.97
-17.23
-17.35
-17.15
-16.85
-16.74
-17.05
-19.71
-17.48
-16.87
-17.15
-16.83
-16.49
-17.32
-17.33
-17.6
-16.82
-16.79
-16.5
-17.34
-16.88
-16.98
-16.98
-16.27
-17.48
-17.54
-17.11
-16.8
-17.59
-16.38
-18.0
-17.32
-17.15
-17.6
-19.04
-17.06
-17.66
-17.52
-17.7
-17.34
-17.82
-18.17
-17.47
-17.62
-17.14
-18.95
-17.84
-16.98
-17.41
-17.13
-16.7
-17.39
-17.24
-17.78
-16.71
-17.16
-17.11
-18.25
-17.22
-18.49
-17.56
-18.01
-17.45
-16.29
-17.83
-16.57
-18.57
-16.9
-17.4
-16.46
-17.53
-17.49
-17.06
-17.15
-17.12
-17.72
-17.83
-17.93
-17.85
-17.37
-17.87
-17.11
-19.56
-17.7
-17.59
-16.85
-16.93
-16.88
-17.27
-16.97
-18.86
-17.69
-17.69
-17.27
-16.21
-17.33
-17.46
-17.18
-17.39
-16.97
-16.69
-18.25
-17.83
-17.87
-17.27
-17.54
-19.12
-17.41
-18.06
-17.33
-17.32
-18.85
-17.24
-17.94
-17.76
-16.98
-17.11
-16.27
-17.32
-17.39
-17.84
-16.9
-16.89
-16.55
-17.16
-17.08
-17.87
-17.87
-17.3
-16.65
-17.22
-17.23
-17.4
-18.75
-17.71
-17.23
-18.12
-16.69
-17.12
-17.78
-17.91
-17.24
-17.83
-17.29
-17.38
-17.85
-17.53
-18.36
-17.11
-16.84
-16.6
-17.21
-17.41
-18.71
-16.5
-18.62
-16.72
-17.25
-16.92
-18.2
-16.74
-18.23
-17.03
-17.06
-19.1
-17.44
-16.87
-17.12
-16.83
-16.73
-17.2
-16.75
-17.13
-17.05
-17.28
-17.07
-16.66
-17.58
-17.2
-16.43
-17.22
-17.07
-17.38
-16.27
-17.64
-16.85
-16.75
-18.0
-17.62
-18.15
-16.64
-17.45
-17.64
-16.58
-16.73
-17.53
-16.53
-17.42
-16.81
-17.3
-18.18
-17.23
-16.64
-16.72
-17.73
-16.72
-17.01
-17.46
-17.03
-17.57
-17.69
-16.74
-16.92
-16.72
-17.34
-17.15
-17.58
-17.37
-16.53
-16.71
-17.27
-16.64
-16.62
-16.64
-16.89
-19.16
-16.93
-17.55
-17.6
-17.25
-16.5
-16.94
-17.34
-16.58
-17.29
-16.81
-16.58
-17.5
-17.41
-16.6
-17.3
-17.74
-17.11
-18.33
-18.4
-17.17
-16.67
-16.94
-17.62
-17.3
-16.43
-17.56
-17.42
-17.24
-16.27
-18.42
-17.71
-17.78
-19.45
-17.2
-18.93
-16.78
-18.46
-18.78
-18.36
-17.35
-17.05
-17.28
-17.05
-16.83
-17.41
-17.07
-17.09
-17.66
-16.87
-17.74
-16.3
-17.59
-17.04
-17.86
-17.34
-17.24
-17.06
-17.81
-17.86
-17.91
-17.58
-18.36
-17.27
-16.65
-18.24
-18.47
-17.32
-17.4
-17.44
-16.4
-18.07
-16.89
-17.72
-17.42
-16.92
-16.72
-16.8
-16.79
-17.3
-16.92
-17.21
-16.31
-16.29
-18.03
-16.88
-17.02
-18.35
-17.47
-18.32
-18.37
-16.8
-17.55
-17.41
-16.67
-16.93
-16.94
-17.26
-17.36
-18.04
-17.42
-17.87
-17.42
-17.14
-16.94
-16.83
-17.91
-17.82
-16.87
-18.07
-17.58
-17.27
-16.06
-16.67
-17.15
-16.15
-17.35
-17.53
-17.12
-16.4
-17.13
-17.12
-16.65
-16.8
-17.31
-16.89
-17.21
-17.28
-17.04
-17.1
-17.2
-16.61
-16.47
-17.19
-17.18
-18.1
-16.98
-17.57
-16.84
-17.14
-17.53
-17.8
-16.75
-16.89
-17.51
-17.49
-17.87
-16.48
-16.47
-17.13
-16.66
-16.35
-17.08
-16.9
-18.2
-16.51
-18.53
-16.59
-17.07
-17.0
-18.55
-17.91
-16.95
-16.96
-17.59
-17.07
-16.98
-17.76
-17.29
-17.37
-17.59
-19.63
-17.37
-16.77
-16.62
-16.65
-16.95
-17.3
-17.08
-16.82
-17.49
-16.75
-16.82
-17.52
-16.89
-17.63
-16.69
-18.14
-16.7
-16.69
-17.29
-18.64
-16.3
-16.29
-17.09
-17.26
-16.4
-17.36
-17.31
-16.99
-17.42
-18.02
-18.45
-16.53
-18.59
-18.47
-16.97
-17.82
-16.9
-17.25
-18.22
-17.37
-16.58
-17.92
-16.65
-16.92
-17.43
-17.99
-17.06
-16.98
-17.54
-16.58
-17.42
-16.82
-17.11
-17.02
-16.75
-16.66
-17.33
-17.78
-16.98
-17.89
-17.0
-17.21
-17.27
-17.22
-16.7
-18.36
-18.37
-16.53
-16.36
-17.75
-18.18
-17.36
-17.99
-17.09
-17.86
-16.71
-17.76
-16.89
-17.26
-17.67
-16.8
-17.28
-17.37
-16.69
-16.57
-16.93
-18.33
-17.16
-18.11
-16.26
-17.15
-17.04
-16.4
-16.55
-16.35
-17.16
-16.42
-17.76
-17.28
-17.1
-16.52
iteration 3
-16.56
-18.75
-16.35
-17.64
-16.84
-17.82
-17.35
-17.05
-17.41
-16.9
-18.54
-16.55
-17.76
-17.01
-17.02
-17.27
-17.68
-17.28
-17.42
-17.6
-17.06
-17.26
-17.17
-16.72
-17.61
-16.82
-17.34
-17.08
-17.06
-17.42
-16.49
-16.8
-16.73
-17.56
-17.11
-17.11
-16.78
-17.98
-18.33
-16.67
-16.73
-17.36
-16.52
-17.83
-17.67
-17.03
-16.99
-17.34
-17.14
-17.28
-16.89
-17.25
-17.26
-18.01
-18.03
-17.41
-17.85
-17.55
-16.84
-18.47
-16.72
-16.92
-17.41
-18.84
-17.68
-18.06
-16.8
-17.47
-17.16
-18.14
-17.61
-17.16
-16.8
-16.41
-16.74
-17.03
-17.6
-17.34
-17.93
-17.0
-17.04
-18.29
-18.05
-18.09
-16.94
-17.98
-17.25
-17.33
-16.73
-16.04
-17.0
-17.07
-16.93
-17.07
-17.43
-17.56
-16.7
-17.03
-16.91
-17.07
-17.8
-17.86
-17.67
-17.21
-17.37
-16.59
-16.86
-18.02
-19.26
-18.58
-17.59
-16.74
-16.49
-17.98
-18.22
-17.37
-16.92
-17.12
-17.2
-16.72
-17.26
-18.11
-16.84
-16.58
-17.44
-17.16
-16.91
-17.73
-16.36
-18.3
-16.95
-16.71
-17.72
-17.81
-19.89
-16.66
-17.76
-16.6
-16.35
-17.38
-16.75
-17.65
-17.44
-17.69
-17.43
-18.65
-16.44
-16.65
-17.39
-16.72
-17.2
-17.06
-17.39
-17.91
-16.9
-17.08
-16.97
-17.58
-17.12
-17.17
-17.18
-17.72
-17.07
-17.29
-20.58
-17.26
-17.98
-16.39
-16.65
-16.83
-16.92
-16.64
-18.73
-17.16
-17.18
-16.95
-17.58
-18.34
-16.99
-16.96
-17.57
-17.77
-17.25
-17.6
-16.53
-17.04
-16.8
-16.93
-17.08
-17.47
-16.98
-16.37
-16.63
-17.8
-17.83
-16.76
-17.16
-17.02
-17.53
-17.99
-17.28
-16.62
-17.14
-17.07
-16.71
-17.8
-17.82
-18.1
-18.73
-17.82
-17.39
-17.41
-16.93
-16.63
-16.76
-17.11
-17.14
-16.69
-16.73
-17.66
-17.02
-16.92
-17.33
-17.51
-17.96
-17.55
-18.77
-18.29
-18.38
-19.25
-17.31
-16.76
-16.71
-17.02
-17.1
-19.41
-16.62
-16.91
-16.96
-17.39
-16.59
-16.83
-17.19
-16.35
-17.39
-17.72
-17.81
-17.99
-18.96
-16.89
-17.1
-18.81
-17.26
-17.51
-17.37
-18.39
-17.14
-17.36
-18.01
-17.5
-16.65
-17.56
-18.45
-17.58
-17.22
-16.15
-16.91
-16.55
-17.82
-17.11
-17.2
-17.81
-17.98
-16.99
-16.71
-16.98
-16.99
-17.77
-16.66
-17.32
-16.96
-17.21
-17.18
-17.35
-16.6
-17.69
-16.94
-16.91
-16.84
-17.02
-16.77
-17.68
-16.67
-17.29
-16.99
-16.86
-16.91
-17.38
-16.63
-17.03
-16.99
-17.67
-17.7
-17.45
-17.2
-16.52
-18.09
-17.1
-18.48
-19.43
-17.68
-17.58
-17.02
-17.56
-17.43
-17.51
-18.47
-17.87
-16.72
-17.54
-16.52
-16.91
-17.52
-16.69
-17.55
-17.41
-18.4
-16.64
-18.82
-17.22
-16.93
-16.49
-16.53
-17.31
-16.97
-17.55
-16.92
-16.66
-17.5
-17.37
-17.35
-16.54
-17.33
-16.67
-17.32
-17.32
-18.38
-17.32
-16.82
-16.55
-16.91
-18.16
-16.47
-17.61
-16.99
-17.5
-17.14
-17.75
-17.32
-16.8
-16.45
-17.42
-16.86
-16.89
-17.82
-16.53
-18.06
-16.57
-17.89
-16.89
-16.39
-17.03
-16.76
-17.24
-17.14
-17.05
-17.46
-17.07
-18.33
-17.32
-18.56
-17.77
-18.29
-18.58
-16.57
-17.67
-16.73
-16.6
-16.48
-16.67
-17.31
-17.65
-16.37
-18.31
-17.56
-16.96
-17.41
-16.26
-18.16
-19.45
-19.21
-17.65
-16.81
-19.39
-17.81
-16.54
-16.7
-16.88
-17.42
-17.42
-19.61
-16.94
-17.65
-17.97
-17.8
-17.18
-19.16
-17.49
-16.95
-17.41
-17.28
-17.83
-17.12
-17.58
-17.6
-17.1
-18.18
-16.42
-16.42
-18.28
-17.65
-17.13
-16.63
-16.4
-16.8
-17.44
-16.95
-17.72
-17.73
-17.24
-18.2
-17.59
-17.16
-17.03
-17.15
-16.06
-17.67
-17.56
-17.49
-16.36
-17.93
-17.18
-17.04
-17.14
-16.6
-16.99
-16.74
-17.36
-17.21
-17.16
-17.23
-16.83
-17.63
-16.19
-16.18
-16.85
-17.13
-16.24
-16.76
-18.24
-17.15
-16.69
-19.24
-17.48
-16.7
-17.57
-16.66
-17.68
-18.06
-16.96
-17.24
-17.94
-18.02
-18.09
-18.61
-18.58
-16.76
-18.32
-18.05
-16.78
-17.28
-18.27
-17.17
-16.34
-16.91
-18.5
-16.68
-17.54
-17.09
-17.77
-17.27
-18.49
-16.29
-18.09
-16.86
-17.18
-19.38
-16.95
-17.8
-16.86
-18.71
-17.21
-16.92
-16.88
-17.49
-16.82
-19.43
-16.97
-17.4
-16.97
-17.35
-17.02
-17.8
-18.4
-17.37
-17.06
-17.44
-17.3
-18.56
-16.61
-17.21
-17.03
-17.05
-17.4
-17.36
-17.19
-16.34
-17.18
-16.93
-16.92
-17.74
-17.27
-17.24
-17.57
-17.87
-16.7
-17.29
-16.2
-16.97
-16.66
-17.44
-17.63
-16.92
-18.15
-17.04
-17.0
-16.65
-17.5
-18.18
-17.56
-17.51
-17.31
-16.64
-16.97
-17.58
-17.05
-17.85
-17.77
-18.85
-17.36
-17.64
-17.19
-17.0
-17.36
-17.5
-17.93
-16.45
-18.08
-17.47
-17.17
-17.65
-17.52
-17.08
-17.24
-17.5
-16.79
-17.98
-17.01
-17.38
-17.67
-18.76
-17.6
-17.02
-17.44
-18.49
-16.94
-17.77
-18.09
-17.23
-17.06
-18.14
-17.4
-17.76
-17.39
-17.35
-16.73
-17.41
-17.05
-17.87
-17.49
-16.5
-17.18
-17.78
-16.97
-17.08
-16.7
-16.98
-17.95
-18.97
-16.59
-17.84
-17.45
-16.91
-16.6
-17.12
-16.99
-17.23
-16.72
-17.68
-17.76
-16.81
-17.69
-16.64
-16.56
-16.45
-17.28
-16.47
-17.16
-17.01
-16.83
-16.97
-16.87
-17.69
-17.07
-17.1
-16.87
-17.04
-18.03
-16.87
-16.46
-17.98
-17.55
-16.2
-17.41
-17.92
-17.39
-17.39
-18.25
-17.48
-17.77
-17.91
-16.9
-16.98
-18.07
-16.56
-17.16
-16.9
-16.86
-17.73
-16.95
-18.59
-18.2
-18.0
-17.46
-16.93
-16.88
-17.46
-16.45
-18.66
-17.53
-17.32
-17.45
-16.97
-17.25
-16.93
-16.89
-16.3
-17.07
-16.97
-16.48
-16.71
-17.04
-16.76
-17.47
-17.1
-17.16
-16.62
-16.31
-17.33
-17.22
-17.2
-17.17
-17.55
-17.17
-16.98
-16.91
-17.28
-17.92
-17.34
-17.19
-18.94
-17.71
-18.48
-16.78
-17.22
-18.05
-16.8
-16.71
-16.65
-17.74
-17.33
-17.38
-16.66
-17.48
-16.65
-17.01
-17.32
-18.23
-17.05
-17.39
-17.29
-16.68
-16.99
-17.84
-17.17
-16.24
-16.67
-18.14
-17.18
-16.87
-17.62
-17.6
-17.72
-17.12
-17.22
-17.68
-17.46
-17.49
-17.33
-16.64
-16.1
-18.7
-20.8
-16.73
-18.39
-17.28
-17.23
-18.68
-18.2
-17.52
-16.45
-17.82
-17.13
-16.76
-17.89
-16.84
-17.97
-18.1
-17.3
-17.36
-16.82
-18.49
-16.39
-17.15
-16.72
-17.22
-16.41
-17.46
-16.48
-17.11
-17.47
-18.16
-17.06
-17.22
-16.45
-17.03
-18.07
-17.1
-17.27
-17.65
-16.86
-16.65
-17.49
-16.65
-17.21
-16.91
-16.42
-16.99
-16.39
-17.18
-17.58
-16.93
-16.91
-17.73
-18.01
-16.74
-16.53
-18.08
-16.9
-17.3
-17.63
-17.23
-18.42
-17.31
-16.86
-17.6
-17.97
-17.76
-16.76
-18.73
-17.15
-18.86
-17.59
-16.37
-16.68
-16.52
-16.74
-17.66
-17.01
-16.95
-17.03
-18.19
-16.63
-17.29
-17.28
-17.52
-18.27
-17.35
-17.83
-17.91
-18.23
-16.98
-17.46
-17.18
-16.98
-17.88
-17.07
-17.3
-16.91
-17.13
-17.47
-17.58
-17.95
-17.27
-17.19
-17.3
-16.47
-17.14
-17.38
-17.81
-16.56
-17.31
-16.63
-16.55
-16.98
-16.61
-17.53
-16.44
-16.5
-16.86
-17.09
-17.18
-17.64
-16.95
-18.18
-17.55
-18.3
-17.15
-16.9
-17.12
-18.21
-18.17
-17.71
-18.61
-16.53
-16.39
-17.68
-16.69
-17.34
-16.83
-17.42
-18.11
-17.13
-17.02
-17.45
-18.27
-17.54
-17.26
-16.55
-17.77
-16.62
-16.95
-17.58
-16.42
-16.89
-17.4
-16.89
-17.63
-18.42
-16.51
-17.47
-16.5
-16.62
-17.18
-17.66
-17.11
-17.35
-16.95
-16.41
-17.32
-18.15
-16.13
-16.63
-16.91
-17.71
-17.77
-17.68
-16.81
-17.6
-16.48
-17.75
-16.94
-16.58
-17.25
-16.62
-17.73
-16.84
-17.36
-18.46
-16.62
-16.81
-18.48
-17.12
-17.22
-17.0
-17.51
-17.94
-17.08
-17.2
-16.97
-17.62
-17.63
-17.17
-17.63
-16.63
-17.78
-16.68
-16.63
-17.53
-16.59
-17.7
-16.61
-18.04
-16.89
-16.26
-17.48
-17.44
-16.57
-18.15
-16.65
-17.07
-17.72
-17.47
-17.41
-17.09
-16.39
-17.74
-18.77
-17.21
-17.26
-16.57
-16.97
-16.82
-16.5
-17.2
-16.87
-17.15
-16.66
-17.03
-18.91
-17.83
-17.02
-17.12
-16.59
-16.68
-17.87
-18.8
-17.11
-18.26
-18.19
-17.42
-17.37
-17.22
-17.31
-17.02
-16.77
-18.66
-17.02
-17.83
-17.45
-19.21
-17.89
-16.99
-16.64
-17.31
-17.15
-16.73
-17.01
-16.9
-16.79
-16.37
-16.99
-17.59
-17.01
-18.25
-17.95
-17.73
-17.49
-17.0
-17.33
-16.83
-17.22
-16.8
-17.15
-17.19
-17.37
-17.18
-17.32
-16.79
-17.76
-18.4
-17.01
-16.79
-16.9
-17.44
-17.25
-15.91
-17.27
-16.93
-16.94
-16.78
-17.46
-17.31
-16.72
-16.47
-17.41
-16.6
-16.75
-16.9
-16.57
-16.46
-17.06
-18.5
-17.43
-16.99
-17.01
-18.26
-17.01
-17.99
-17.07
-17.71
-18.1
-16.87
-16.67
-16.76
-17.84
-18.13
-16.38
-16.48
-17.13
-18.0
-16.78
-16.51
-16.94
-16.67
-17.85
-16.75
-17.69
-16.79
-17.24
-16.98
-17.17
-16.95
-17.35
-17.43
-17.82
-16.95
-17.65
-18.08
-17.26
-16.94
-16.77
-17.29
-17.23
-16.54
-17.06
-18.6
-16.48
-17.34
-18.1
-18.23
-17.27
-17.08
-17.12
-17.69
-16.92
-18.01
-16.71
-16.56
-16.81
-16.7
-17.31
-17.32
-16.86
-17.89
-17.61
-17.07
-17.74
-18.0
-16.47
-17.39
-17.13
-17.79
-18.34
-16.73
-16.44
-17.33
-17.6
-16.8
-16.42
-17.21
-16.6
-18.2
-17.46
-16.43
-16.83
-18.59
-18.07
-17.8
-16.64
-16.66
-16.88
-17.18
-16.53
-17.35
-17.15
-16.92
-16.34
-17.25
-17.28
-18.16
-18.27
-17.43
-16.74
-17.18
-16.72
-16.43
-16.8
-17.89
-17.37
-20.29
-17.28
-16.63
-17.5
-17.8
-16.9
-17.98
-17.98
-17.05
-17.49
-16.71
-17.83
-17.71
-17.02
-16.56
-17.22
-17.83
-16.36
-17.77
-17.19
-16.59
-17.9
-17.5
-16.4
-17.74
-17.98
-17.71
-16.79
-18.08
-16.67
-17.14
-16.47
-16.78
-16.21
-17.69
-18.07
-16.71
-18.38
-17.47
-16.78
-17.78
-17.93
-17.44
-18.33
-17.41
-17.19
-17.56
-18.36
-17.41
-17.08
-16.59
-16.81
-17.51
-17.45
-16.98
-17.65
-17.15
-17.62
-16.24
-17.33
-16.89
-16.89
-18.12
-17.34
-16.98
-17.21
-18.5
-17.04
-17.56
-17.15
-16.52
-17.46
-17.21
-17.52
-16.83
-16.62
-17.07
-16.38
-16.49
-18.14
-18.52
-17.25
-16.93
-17.59
-17.21
-17.07
-16.73
-16.97
-17.53
-18.24
-17.83
-17.23
-17.83
-17.51
-16.75
-17.66
-18.08
-17.78
-17.1
-16.85
-16.78
-17.18
-16.82
-17.72
-16.94
-16.71
-16.36
-17.03
-16.93
-16.78
-17.1
-17.58
-17.08
-19.47
-17.28
-17.54
-16.72
-16.45
-17.18
-16.79
-17.53
-16.87
-17.14
-17.33
-17.42
-17.17
-16.89
-17.28
-16.31
-17.27
-17.27
-19.03
-16.93
-16.62
-18.11
-17.4
-16.79
-17.2
-17.28
-16.53
-17.38
-17.63
-17.56
-16.67
-17.17
-18.31
-18.14
-17.01
-17.85
-16.77
-17.24
-17.42
-17.15
-16.32
-17.04
-16.7
-16.37
-17.83
-16.97
-17.38
-17.71
-17.16
-17.14
-17.69
-16.51
-18.92
-17.76
-17.75
-17.56
-16.66
-16.99
-17.72
-16.71
-17.6
-17.82
-17.54
-17.77
-17.65
-16.98
-18.27
-17.59
-17.66
-18.01
-17.75
-16.85
-16.96
-17.14
-17.03
-16.68
-16.61
-17.47
-18.02
-17.15
-16.91
-17.27
-17.33
-16.9
-17.65
-17.41
-16.78
-16.75
-16.37
-17.56
-16.58
-16.92
-16.58
-17.53
-17.83
-17.42
-16.51
-16.71
-16.43
-16.94
-16.79
-16.63
-17.62
-16.85
-17.01
-19.16
-16.51
-16.92
-16.88
-16.99
-17.01
-16.53
-18.11
-17.11
-16.79
-16.51
-17.15
-17.65
-18.3
-17.29
-16.78
-17.08
-17.29
-17.02
-17.37
-19.13
-17.86
-16.3
-17.65
-16.99
-17.09
-17.4
-16.81
-17.26
-17.88
-17.31
-17.96
-17.96
-16.81
-16.66
-18.35
-16.49
-17.36
-17.14
-17.37
-17.28
-17.53
-17.42
-16.61
-16.59
-16.9
-16.9
-17.14
-17.67
-16.86
-17.04
-16.91
-17.27
-17.11
-16.09
-16.78
-17.25
-18.28
-17.23
-16.95
-16.87
-18.1
-17.03
-17.02
-17.17
-17.34
-17.21
-16.66
-16.91
-16.87
-16.74
-17.23
-16.69
-17.51
-16.33
-17.03
-17.15
-17.43
-18.52
-17.34
-16.97
-17.86
-17.06
-17.82
-17.63
-17.02
-16.87
-17.34
-16.97
-16.97
-16.63
-18.84
-16.89
-16.98
-17.24
-17.62
-17.29
-17.51
-17.02
-17.47
-17.64
-16.95
-17.32
-16.38
-17.63
-17.21
-16.92
-17.24
-17.72
-16.73
-17.02
-17.6
-17.94
-17.77
-16.4
-16.89
-16.85
-17.73
-17.33
-17.1
-17.47
-16.28
-16.52
-17.37
-17.68
-16.96
-17.91
-16.74
-17.67
-16.6
-17.02
-17.68
-17.08
-16.85
-17.4
-16.54
-17.8
-17.74
-17.87
-16.44
-17.55
-16.16
-17.54
-16.72
-16.77
-16.7
-18.08
-16.58
-16.7
-16.86
-17.41
-17.93
-16.63
-17.43
-17.83
-16.62
-17.92
-16.72
-18.02
-17.43
-17.11
-16.28
-16.63
-18.05
-17.5
-17.92
-19.05
-16.49
-17.12
-18.08
-16.61
-16.92
-17.82
-20.21
-17.12
-16.91
-17.4
-17.12
-18.5
-16.24
-17.58
-17.47
-17.11
-17.69
-16.89
-17.96
-17.9
-17.83
-16.89
-17.51
-16.33
-17.09
-17.63
-16.82
-17.52
-17.0
-18.0
-18.93
-17.67
-18.53
-17.41
-16.64
-17.49
-17.6
-17.36
-17.97
-18.1
-17.15
-17.44
-16.68
-18.18
-17.08
-17.59
-17.07
-17.55
-17.95
-17.51
-16.95
-17.26
-17.91
-17.33
-17.39
-17.04
-17.34
-17.06
-17.07
-16.53
-17.27
-18.46
-16.53
-17.3
-17.66
-17.05
-18.13
-16.48
-17.62
-17.18
-16.81
-16.72
-17.28
-17.33
-17.33
-18.46
-16.66
-17.28
-17.56
-16.54
-17.52
-16.64
-17.93
-17.27
-16.92
-18.2
-17.52
-18.12
-16.85
-17.25
-17.29
-17.12
-17.42
-16.72
-17.09
-17.38
-17.65
-16.57
-17.08
-17.74
-16.83
-16.74
-16.84
-16.82
-17.87
-18.72
-17.22
-17.72
-16.96
-17.16
-17.02
-17.38
-16.29
-16.99
-16.79
-17.43
-17.38
-17.39
-16.46
-18.36
-17.27
-17.24
-17.49
-16.94
-18.02
-16.92
-16.63
-17.84
-16.48
-17.25
-17.2
-17.41
-16.72
-17.74
-17.24
-17.16
-17.79
-18.33
-15.81
-16.64
-17.04
-17.82
-17.19
-16.78
-16.98
-17.62
-17.04
-17.38
-17.9
-16.67
-18.54
-17.73
-16.82
-17.1
-17.84
-17.32
-17.34
-17.6
-16.82
-17.42
-18.07
-16.17
-17.25
-17.53
-17.14
-17.48
-17.0
-17.16
-18.24
-17.03
-18.87
-16.65
-16.94
-17.48
-16.74
-16.62
-17.4
-16.87
-17.87
-17.69
-17.27
-17.3
-17.06
-17.05
-16.88
-17.47
-16.61
-17.48
-16.63
-16.9
-17.3
-16.93
-16.84
-16.82
-17.34
-18.21
-17.66
-18.21
-18.14
-17.02
-17.08
-17.04
-17.63
-17.24
-16.44
-16.97
-18.53
-17.4
-17.25
-17.06
-16.53
-17.84
-16.55
-17.0
-17.73
-17.48
-16.95
-17.1
-17.43
-16.24
-17.3
-16.61
-16.86
-17.64
-16.95
-16.77
-17.13
-17.39
-17.44
-16.81
-17.47
-17.01
-17.44
-16.87
-17.3
-17.39
-16.75
-17.03
-16.09
-16.78
-17.01
-18.05
-18.68
-16.75
-16.95
-16.93
-17.45
-17.96
-17.33
-16.25
-17.64
-17.36
-17.3
-17.22
-17.96
-17.47
-18.38
-16.31
-16.85
-16.53
-17.78
-16.71
-18.45
-17.16
-17.18
-17.92
-16.52
-17.93
-16.81
-17.04
-17.51
-17.5
-17.0
-16.11
-16.18
-16.96
-17.11
-16.87
-16.86
-16.5
-16.2
-17.84
-17.6
-18.13
-17.42
-17.33
-17.07
-16.83
-17.43
-18.72
-18.2
-17.6
-18.44
-16.88
-16.83
-18.06
-17.28
-17.65
-16.63
-17.38
-17.6
-16.99
-17.22
-16.4
-16.85
-17.76
-17.91
-17.66
-17.94
-16.7
-16.51
-18.06
-17.09
-17.5
-18.83
-17.05
-17.18
-17.14
-17.84
-19.0
-17.6
-17.96
-17.12
-17.09
-16.95
-17.15
-16.59
-17.85
-17.48
-18.5
-17.1
-19.02
-17.27
-17.35
-17.22
-17.41
-17.29
-17.01
-16.74
-17.14
-17.08
-16.64
-17.14
-16.98
-18.48
-16.85
-18.27
-17.15
-16.21
-16.94
-17.44
-17.11
-17.19
-16.49
-16.54
-16.65
-17.25
-17.64
-16.68
-17.28
-17.07
-17.74
-17.86
-17.01
-17.07
-17.1
-17.33
-18.76
-16.43
-17.33
-16.62
-17.46
-16.38
-17.77
-17.33
-16.7
-17.18
-16.85
-17.01
-17.07
-17.08
-17.72
-17.48
-17.5
-17.81
-16.93
-18.72
-17.43
-17.04
-17.83
-16.66
-17.81
-17.14
-17.5
-17.29
-16.56
-16.07
-17.35
-18.14
-17.48
-18.97
-18.45
-16.7
-17.23
-17.19
-17.98
-17.79
-16.99
-17.24
-18.04
-17.22
-16.94
-17.51
-16.97
-16.58
-17.82
-16.67
-17.36
-17.16
-16.67
-17.3
-16.99
-18.53
-18.08
-17.53
-16.23
-17.01
-17.41
-17.74
-16.72
-18.45
-16.9
-17.9
-19.27
-17.66
iteration 4
-17.34
-17.88
-17.91
-16.63
-17.57
-16.73
-16.64
-17.61
-17.59
-17.1
-17.66
-17.5
-17.55
-16.82
-16.64
-17.7
-16.74
-16.59
-17.14
-16.64
-16.83
-16.72
-17.18
-17.17
-17.15
-17.08
-17.51
-18.79
-17.28
-16.53
-16.91
-17.32
-16.59
-17.84
-17.48
-17.97
-17.2
-17.19
-18.5
-18.07
-16.87
-16.97
-17.1
-18.71
-16.85
-17.42
-17.24
-17.83
-17.8
-16.89
-17.78
-16.98
-17.82
-17.72
-17.71
-17.34
-17.53
-16.91
-16.71
-16.39
-17.55
-17.14
-17.48
-16.8
-17.85
-17.16
-17.4
-17.0
-18.37
-16.45
-16.85
-16.35
-17.5
-18.15
-18.43
-17.4
-18.99
-17.87
-19.56
-17.37
-17.25
-17.41
-16.87
-16.64
-17.1
-17.5
-17.93
-16.7
-18.0
-17.38
-18.1
-17.49
-19.29
-17.48
-17.61
-16.96
-17.4
-17.14
-19.11
-16.68
-17.42
-17.02
-17.37
-17.66
-16.89
-17.43
-16.59
-16.95
-17.9
-16.76
-16.82
-16.82
-17.16
-17.65
-16.7
-16.16
-17.85
-16.58
-16.35
-16.69
-17.79
-17.07
-17.8
-17.44
-15.94
-17.14
-17.18
-16.73
-16.33
-16.77
-16.88
-17.03
-18.07
-17.97
-18.4
-17.63
-16.29
-17.13
-17.39
-16.81
-16.91
-16.93
-17.15
-17.31
-17.37
-17.49
-16.72
-17.02
-18.26
-16.94
-17.82
-18.19
-17.01
-17.08
-16.89
-17.88
-17.15
-17.75
-16.98
-17.49
-17.45
-17.73
-17.21
-17.57
-17.5
-17.86
-17.51
-18.6
-16.45
-16.68
-17.12
-17.43
-16.51
-18.06
-17.86
-17.04
-17.73
-16.75
-17.3
-18.41
-16.83
-16.99
-17.75
-16.59
-17.17
-17.28
-16.54
-16.59
-17.3
-19.09
-17.2
-16.28
-17.28
-17.6
-18.4
-17.52
-17.4
-16.82
-17.28
-16.91
-17.73
-17.04
-18.12
-17.41
-17.08
-17.13
-16.68
-17.11
-17.17
-17.9
-16.39
-17.47
-17.27
-16.92
-17.18
-17.21
-17.83
-18.37
-16.82
-16.89
-17.48
-16.7
-17.43
-17.5
-17.23
-17.56
-16.73
-17.16
-16.63
-17.0
-16.77
-16.86
-16.24
-17.6
-17.8
-17.09
-17.54
-17.49
-16.85
-17.75
-16.87
-16.56
-18.31
-17.21
-17.02
-17.61
-17.63
-16.61
-16.37
-16.56
-19.68
-16.81
-18.57
-17.4
-17.04
-16.94
-18.03
-16.35
-16.51
-18.03
-17.83
-17.37
-16.99
-18.84
-16.64
-17.44
-17.13
-16.72
-18.47
-16.96
-16.71
-17.66
-17.56
-18.74
-16.22
-16.77
-17.15
-17.03
-17.12
-17.16
-17.56
-17.1
-18.15
-18.73
-16.93
-16.72
-17.98
-17.2
-16.91
-16.9
-17.06
-16.66
-16.62
-17.98
-17.39
-17.73
-17.73
-17.9
-17.44
-16.75
-17.16
-17.21
-16.84
-18.01
-17.46
-17.67
-16.52
-18.0
-16.6
-18.05
-19.48
-16.93
-17.43
-17.64
-18.1
-17.13
-16.8
-17.63
-16.89
-17.42
-18.68
-16.61
-17.52
-17.62
-16.54
-17.32
-18.42
-17.94
-17.44
-17.66
-17.69
-16.5
-17.47
-17.4
-16.14
-18.63
-18.08
-16.72
-18.31
-18.12
-16.85
-16.82
-18.25
-17.18
-16.97
-18.3
-16.66
-17.38
-16.9
-16.18
-16.66
-18.02
-17.44
-17.31
-17.05
-17.18
-19.66
-17.44
-17.53
-17.59
-17.01
-16.65
-16.43
-17.04
-17.7
-17.1
-17.13
-16.44
-16.81
-16.89
-16.58
-16.89
-18.33
-17.17
-17.4
-16.76
-16.8
-17.36
-17.61
-17.99
-17.76
-17.61
-17.03
-16.92
-16.78
-17.33
-17.24
-17.12
-17.25
-18.47
-17.68
-18.28
-16.39
-17.34
-18.2
-17.23
-17.54
-17.9
-17.15
-16.79
-16.99
-18.22
-16.48
-17.68
-19.17
-17.91
-16.98
-16.45
-18.34
-17.7
-17.2
-16.55
-18.23
-17.01
-16.83
-16.91
-16.6
-18.24
-18.55
-17.12
-16.64
-18.43
-18.95
-17.82
-18.78
-18.0
-17.28
-16.72
-17.77
-16.92
-18.58
-16.99
-16.75
-17.06
-18.42
-17.44
-18.1
-16.93
-17.08
-16.93
-17.22
-19.08
-17.12
-16.83
-16.82
-17.15
-17.03
-16.7
-16.66
-16.9
-17.4
-17.4
-17.75
-19.6
-17.35
-16.59
-18.31
-17.42
-16.95
-17.57
-17.15
-16.99
-17.46
-16.8
-17.32
-17.61
-16.45
-17.65
-18.49
-17.28
-17.74
-17.1
-17.58
-18.2
-17.79
-17.47
-17.08
-17.31
-16.69
-16.83
-16.77
-17.7
-17.71
-19.43
-18.17
-16.69
-17.19
-16.81
-18.4
-17.15
-16.41
-17.18
-17.11
-17.1
-17.58
-17.36
-17.16
-16.98
-16.78
-17.21
-17.22
-16.18
-16.84
-17.52
-16.49
-17.17
-16.72
-17.32
-17.06
-17.62
-17.82
-18.16
-17.74
-16.78
-17.72
-18.28
-16.78
-17.28
-16.78
-17.55
-17.11
-17.17
-17.39
-18.66
-17.52
-19.01
-17.95
-17.07
-16.38
-17.87
-16.92
-17.16
-16.96
-18.06
-17.11
-16.55
-17.34
-16.55
-16.66
-17.67
-16.87
-16.55
-18.46
-16.96
-17.51
-17.84
-18.39
-18.0
-17.91
-17.04
-17.33
-18.14
-16.9
-16.94
-17.3
-18.2
-16.78
-17.9
-17.68
-17.45
-17.35
-17.22
-16.7
-17.53
-18.38
-16.84
-17.34
-18.42
-16.73
-17.5
-17.26
-17.22
-17.36
-18.69
-16.3
-17.61
-16.97
-18.39
-17.14
-16.86
-16.89
-17.94
-16.58
-17.18
-16.59
-17.18
-16.3
-16.74
-16.69
-18.34
-17.35
-17.7
-16.74
-16.6
-17.45
-16.73
-17.67
-18.1
-16.96
-17.08
-17.17
-17.14
-16.97
-17.84
-17.08
-16.52
-16.34
-16.89
-16.88
-17.42
-17.18
-17.8
-17.88
-16.07
-17.77
-17.21
-18.29
-17.66
-17.16
-17.85
-17.89
-19.13
-16.97
-17.29
-17.38
-16.56
-16.48
-17.22
-17.5
-16.86
-18.12
-16.67
-17.08
-17.61
-17.73
-16.49
-17.53
-16.8
-16.79
-16.8
-16.94
-17.59
-17.25
-17.25
-17.02
-16.75
-16.73
-18.85
-17.24
-17.78
-16.54
-18.65
-16.34
-17.17
-17.89
-16.99
-16.89
-16.68
-17.3
-17.13
-17.34
-16.62
-17.61
-16.97
-17.21
-17.44
-16.42
-17.02
-16.81
-17.09
-17.11
-17.17
-17.8
-17.61
-17.11
-17.1
-18.01
-17.04
-17.1
-18.25
-17.91
-16.46
-18.27
-17.16
-17.76
-16.69
-16.39
-17.07
-17.47
-18.28
-17.55
-18.28
-18.16
-16.59
-16.76
-16.99
-17.15
-17.19
-17.08
-17.64
-16.67
-16.68
-16.58
-17.6
-17.25
-18.42
-17.02
-17.19
-17.75
-17.04
-17.06
-17.26
-16.43
-16.41
-17.57
-16.36
-16.79
-18.23
-17.66
-18.01
-16.88
-16.3
-17.12
-17.11
-17.6
-16.93
-16.72
-16.39
-18.19
-16.82
-17.02
-17.01
-16.55
-18.05
-16.76
-17.21
-16.68
-17.47
-17.29
-16.76
-17.1
-17.13
-17.4
-16.55
-17.39
-15.96
-17.56
-16.87
-16.94
-16.03
-17.02
-16.25
-18.03
-16.52
-17.91
-17.28
-16.68
-16.79
-16.65
-17.48
-16.68
-18.39
-16.82
-18.46
-16.19
-17.05
-17.72
-17.19
-18.05
-17.18
-16.87
-18.43
-16.33
-17.38
-16.96
-17.42
-16.32
-16.54
-16.79
-17.42
-17.79
-16.61
-17.45
-16.71
-18.23
-17.61
-17.85
-16.93
-16.91
-17.12
-17.44
-18.73
-16.89
-17.42
-17.9
-16.39
-16.62
-16.65
-18.02
-16.84
-16.78
-17.66
-18.9
-16.81
-18.7
-17.04
-16.58
-16.32
-17.99
-16.42
-17.72
-17.96
-16.72
-18.12
-17.02
-17.73
-16.28
-17.23
-16.69
-16.59
-17.67
-16.86
-17.23
-17.15
-16.68
-16.54
-17.79
-17.71
-16.63
-17.0
-17.09
-16.71
-16.74
-17.05
-16.98
-16.95
-16.82
-17.3
-16.87
-16.93
-17.1
-16.19
-17.46
-17.4
-16.75
-17.51
-16.57
-17.95
-18.09
-18.22
-17.29
-17.13
-17.48
-17.19
-16.74
-17.09
-16.75
-17.4
-16.98
-17.48
-18.21
-17.18
-16.68
-16.8
-16.39
-17.95
-17.47
-17.74
-17.56
-17.01
-18.09
-17.51
-16.72
-17.41
-17.17
-16.44
-18.04
-16.31
-16.99
-17.55
-17.32
-17.39
-16.86
-17.91
-17.22
-16.81
-18.41
-17.11
-18.06
-16.98
-17.59
-17.12
-16.71
-16.53
-17.85
-17.15
-16.46
-17.61
-17.54
-16.79
-16.46
-17.19
-17.16
-16.64
-17.16
-17.01
-17.85
-16.73
-17.14
-17.52
-17.7
-17.78
-18.43
-17.28
-16.65
-17.2
-16.82
-16.79
-17.26
-17.62
-16.56
-16.33
-17.09
-17.56
-16.54
-17.56
-17.44
-16.42
-17.53
-17.83
-17.61
-16.93
-17.02
-17.33
-18.45
-17.21
-16.84
-18.73
-16.94
-17.59
-17.57
-17.02
-19.43
-17.04
-17.54
-17.06
-16.92
-16.85
-17.15
-16.93
-17.61
-17.77
-17.0
-17.86
-16.56
-16.52
-18.03
-17.2
-18.23
-17.44
-16.87
-16.63
-17.36
-17.01
-17.97
-16.53
-17.1
-17.11
-17.71
-16.51
-17.27
-17.93
-17.71
-16.69
-17.1
-17.67
-17.51
-17.26
-16.71
-17.94
-16.57
-17.32
-17.4
-16.93
-17.51
-17.7
-18.67
-16.7
-16.37
-16.54
-17.41
-18.0
-17.47
-16.95
-17.27
-16.85
-17.01
-17.29
-17.24
-17.3
-17.48
-16.69
-16.79
-17.29
-16.88
-17.34
-17.07
-16.67
-17.18
-16.59
-17.42
-16.89
-17.41
-16.63
-16.47
-16.73
-17.51
-17.34
-17.16
-16.28
-17.66
-17.48
-17.6
-17.41
-16.64
-16.6
-17.27
-17.36
-16.73
-16.74
-16.3
-16.32
-18.29
-17.74
-16.64
-17.81
-17.87
-19.08
-17.76
-16.79
-17.06
-17.28
-16.96
-17.52
-18.14
-17.09
-17.07
-17.22
-17.83
-17.46
-17.18
-16.95
-17.24
-17.63
-16.62
-17.23
-16.74
-17.11
-17.79
-17.26
-16.69
-16.39
-18.03
-18.63
-16.58
-17.19
-17.26
-18.03
-17.39
-17.61
-16.75
-18.11
-17.08
-16.86
-17.04
-17.58
-17.65
-17.5
-17.33
-17.41
-17.28
-17.73
-17.58
-16.81
-17.63
-16.9
-16.63
-18.12
-19.39
-17.15
-16.44
-17.13
-17.41
-16.99
-16.33
-16.75
-17.7
-17.31
-17.07
-19.3
-17.18
-17.43
-16.54
-17.55
-16.23
-17.96
-17.03
-16.74
-18.29
-18.27
-17.4
-16.93
-17.42
-16.9
-17.92
-16.71
-17.41
-16.94
-17.47
-17.7
-18.04
-16.63
-16.69
-17.27
-17.42
-16.71
-16.66
-17.96
-17.24
-16.73
-16.74
-18.57
-16.51
-16.88
-17.26
-17.18
-18.29
-17.45
-17.08
-17.85
-19.03
-17.07
-17.5
-17.41
-17.13
-17.13
-17.12
-17.14
-17.04
-17.49
-17.27
-17.25
-16.28
-17.52
-16.69
-17.56
-17.33
-17.26
-16.94
-16.95
-16.35
-16.58
-17.18
-17.2
-17.16
-17.85
-17.37
-16.16
-18.67
-17.84
-17.01
-16.92
-17.75
-17.38
-16.67
-16.46
-17.23
-16.37
-18.15
-17.16
-16.92
-17.17
-17.01
-17.39
-16.97
-16.88
-17.59
-16.73
-18.02
-16.55
-17.85
-16.53
-18.07
-16.82
-16.44
-17.16
-18.39
-17.02
-16.62
-17.56
-16.89
-17.29
-16.88
-16.97
-18.16
-18.45
-17.58
-18.01
-16.67
-17.24
-16.9
-17.41
-16.93
-17.56
-16.31
-17.26
-17.46
-17.63
-16.92
-16.48
-16.13
-17.69
-17.65
-17.04
-17.96
-17.64
-16.79
-16.58
-17.66
-18.93
-16.76
-17.86
-17.8
-17.31
-16.96
-17.47
-17.01
-17.17
-16.76
-16.69
-17.65
-18.38
-17.17
-17.58
-16.78
-16.23
-16.92
-17.14
-17.38
-17.59
-17.0
-17.77
-16.66
-16.99
-17.15
-17.24
-17.09
-17.63
-17.67
-16.99
-17.11
-16.62
-16.5
-15.9
-16.96
-17.21
-16.81
-16.83
-17.27
-17.17
-18.14
-16.74
-16.83
-16.39
-18.38
-18.56
-17.32
-18.05
-17.8
-16.14
-17.4
-16.49
-16.97
-17.11
-17.76
-17.02
-16.94
-16.88
-16.58
-18.16
-17.71
-17.02
-17.39
-17.83
-16.65
-17.14
-18.32
-17.78
-18.32
-17.36
-17.12
-16.78
-17.75
-17.49
-16.42
-17.07
-16.76
-17.47
-16.34
-18.19
-17.09
-17.17
-16.72
-17.68
-17.51
-16.69
-16.82
-16.72
-17.37
-17.28
-17.04
-17.57
-17.0
-16.79
-17.27
-17.26
-17.17
-17.33
-17.95
-17.46
-16.44
-17.05
-17.1
-17.62
-17.68
-17.34
-17.23
-17.16
-16.27
-19.13
-18.03
-17.48
-19.0
-16.65
-16.88
-17.14
-17.46
-17.64
-17.18
-16.69
-16.98
-16.64
-17.56
-18.0
-16.76
-17.8
-16.49
-17.5
-19.67
-16.9
-16.34
-16.89
-17.1
-17.09
-16.67
-17.01
-16.94
-16.76
-17.58
-16.87
-17.12
-17.69
-17.0
-16.64
-16.71
-17.46
-16.93
-17.47
-18.38
-16.6
-17.25
-16.65
-17.08
-16.55
-17.57
-16.88
-16.98
-16.97
-17.78
-17.23
-17.74
-16.32
-17.85
-17.16
-16.51
-17.65
-19.54
-18.12
-17.71
-17.04
-16.78
-16.37
-16.99
-17.05
-18.71
-17.55
-18.51
-16.54
-18.26
-18.46
-16.82
-16.4
-17.45
-17.65
-18.79
-16.72
-18.36
-17.94
-17.41
-17.24
-17.97
-17.79
-18.13
-17.61
-17.96
-17.12
-16.63
-16.79
-16.37
-18.16
-16.75
-17.59
-17.26
-17.15
-16.93
-16.8
-18.7
-16.71
-16.25
-16.61
-17.05
-16.98
-17.18
-16.33
-16.93
-18.39
-16.9
-17.69
-17.06
-17.51
-17.17
-17.56
-16.56
-18.24
-17.03
-18.0
-17.05
-16.99
-17.07
-16.71
-18.18
-16.82
-18.06
-17.25
-16.65
-18.1
-16.9
-16.66
-17.2
-17.54
-18.63
-17.13
-16.54
-17.84
-16.97
-16.65
-16.81
-17.57
-16.7
-16.75
-17.06
-17.65
-16.45
-17.18
-16.92
-17.09
-17.57
-17.66
-18.25
-18.12
-17.3
-17.09
-17.15
-17.71
-17.52
-17.76
-16.85
-16.85
-17.05
-16.94
-17.19
-17.32
-17.52
-16.74
-17.64
-17.11
-17.75
-17.17
-16.68
-17.1
-16.5
-16.85
-17.72
-18.0
-17.23
-17.37
-17.35
-17.57
-17.63
-16.61
-16.58
-18.17
-17.98
-16.91
-17.79
-16.95
-17.78
-17.45
-16.96
-17.2
-16.97
-17.18
-17.37
-17.38
-18.84
-16.82
-17.31
-17.3
-17.83
-18.63
-17.41
-17.01
-16.95
-17.39
-17.42
-16.96
-16.89
-17.87
-17.84
-17.17
-16.68
-16.8
-18.4
-17.12
-16.7
-18.41
-17.82
-17.57
-16.72
-17.13
-16.86
-16.69
-16.85
-17.08
-17.11
-18.41
-17.06
-17.37
-16.87
-17.22
-16.62
-17.0
-17.74
-16.91
-17.41
-16.61
-19.28
-17.1
-17.98
-18.33
-16.53
-17.38
-17.52
-17.19
-17.24
-16.48
-16.92
-17.68
-17.67
-18.15
-17.85
-16.95
-18.07
-17.48
-18.23
-17.04
-16.35
-17.17
-17.24
-18.04
-17.09
-17.07
-16.86
-17.4
-17.5
-17.65
-18.08
-17.52
-16.92
-17.3
-17.95
-17.88
-17.22
-17.0
-18.07
-16.88
-17.94
-16.55
-17.23
-16.78
-17.86
-17.63
-17.16
-18.01
-17.21
-17.51
-16.81
-17.14
-16.75
-17.19
-17.78
-17.05
-17.71
-16.7
-17.32
-17.53
-16.2
-16.84
-17.07
-17.09
-16.59
-16.53
-17.05
-17.28
-17.42
-16.87
-17.45
-16.87
-16.74
-18.02
-16.62
-17.2
-16.6
-16.88
-17.82
-17.24
-16.68
-17.31
-17.12
-17.6
-17.06
-17.17
-17.37
-17.1
-16.91
-17.26
-16.79
-16.3
-17.03
-17.79
-17.26
-16.24
-17.21
-18.33
-16.4
-17.08
-16.87
-17.34
-17.12
-17.66
-16.84
-17.24
-16.62
-17.31
-16.91
-17.35
-16.78
-17.68
-17.73
-18.08
-17.93
-17.59
-17.59
-17.37
-17.14
-17.42
-18.86
-17.2
-17.2
-17.19
-16.04
-17.18
-16.86
-18.27
-17.51
-17.8
-17.0
-17.15
-16.59
-17.98
-17.32
-17.12
-17.61
-18.29
-16.69
-16.42
-16.98
-17.83
-17.11
-17.41
-17.1
-17.28
-17.2
-18.15
-17.3
-17.33
-17.68
-17.14
-17.15
-17.59
-17.55
-18.47
-18.25
-16.77
-18.43
-18.02
-17.28
-17.26
-18.02
-16.74
-18.39
-17.0
-17.03
-17.74
-17.1
-17.08
-17.23
-17.3
-18.08
-16.5
-17.11
-16.98
-16.81
-17.26
-16.67
-17.83
-16.49
-16.96
-16.94
-17.07
-17.29
-17.18
-16.5
-17.28
-17.72
-17.32
-18.06
-17.84
-17.37
-16.63
-16.98
-17.37
-17.44
-16.99
-17.86
-18.89
-16.97
-18.41
-16.43
-16.79
-17.24
-17.84
-17.02
-17.25
-19.1
-17.87
-16.75
-16.65
-16.62
-16.53
-17.02
-17.04
-17.1
-18.91
-18.25
-17.51
-17.66
-16.74
-17.18
-16.79
-17.06
-16.48
-17.51
-17.09
-18.02
-17.16
-18.26
-17.13
-17.45
-16.66
-17.86
-17.25
-17.58
-16.8
-16.52
-17.83
-16.79
-17.66
-16.74
-17.08
-17.45
-16.71
-17.36
-16.47
-18.51
-15.99
-16.74
-16.42
-17.43
-16.28
-17.84
-16.57
-17.47
-17.23
-18.61
-17.04
-17.93
-18.12
-17.32
-16.58
-17.29
-16.27
-16.96
-17.41
-17.76
-16.64
-17.37
-18.04
-17.84
-16.89
-17.16
-17.79
-17.24
-17.05
-17.2
-16.73
-16.84
-18.5
-17.37
-17.12
-16.67
-16.57
-17.5
-17.01
-17.54
-16.9
-17.19
-16.91
-18.5
-17.19
-16.75
-18.33
-18.14
-17.06
-17.16
-17.34
-17.11
-17.13
-17.64
-17.1
-17.0
-18.4
-17.36
-16.76
-16.84
-17.26
-17.97
-16.8
-16.93
-16.94
-17.21
-16.59
-16.95
-17.73
-16.69
-16.93
-17.43
-18.24
-16.87
-16.59
-16.45
-18.74
-17.31
-18.52
-17.91
-16.78
-16.73
-17.08
-17.46
-18.08
-16.49
-16.9
-16.82
-19.59
-17.24
-18.59
-17.66
-16.5
-17.26
-17.17
-16.86
-17.08
-17.61
-18.13
-18.16
-16.8
-17.22
-16.47
-16.97
-16.43
-16.37
-17.05
-17.17
-18.16
-16.59
-16.72
-18.01
-16.84
-16.8
-17.81
-16.39
-18.95
-17.04
-17.89
-17.18
-16.69
-16.99
-16.95
-17.07
-17.68
-18.2
-17.41
-17.5
-18.16
-16.23
-18.02
-16.88
-16.99
-17.02
-16.73
-17.83
-18.69
-17.48
-17.84
-17.81
-17.2
-16.71
-17.21
-17.21
-16.57
-17.57
-17.26
-16.86
-17.15
-16.95
-17.16
-17.38
-17.13
-16.93
-16.72
-16.78
-17.18
-16.64
-17.14
-18.51
-17.36
-17.21
-17.04
-19.2
-16.97
iteration 5
-16.6
-16.55
-17.07
-16.74
-17.17
-16.5
-16.76
-17.98
-16.31
-17.47
-17.07
-16.68
-16.19
-17.73
-16.65
-16.92
-17.54
-17.79
-17.73
-16.98
-17.14
-17.22
-17.19
-16.74
-17.46
-18.49
-16.75
-17.37
-16.22
-17.57
-18.14
-16.42
-16.29
-17.81
-16.83
-17.12
-17.16
-17.06
-17.08
-16.58
-17.32
-17.05
-18.04
-17.7
-16.77
-16.72
-17.53
-17.18
-16.79
-16.91
-16.89
-17.25
-17.39
-16.68
-21.9
-18.36
-17.58
-17.05
-17.31
-16.38
-17.18
-16.7
-18.07
-17.26
-16.92
-17.28
-17.5
-19.66
-17.33
-16.49
-16.71
-16.81
-18.12
-17.05
-16.91
-16.36
-18.48
-16.29
-17.23
-17.48
-18.08
-17.19
-17.49
-17.24
-17.13
-17.92
-17.6
-17.99
-16.95
-16.51
-17.56
-17.08
-17.25
-18.36
-17.27
-17.52
-16.41
-16.63
-17.57
-17.12
-17.51
-16.49
-18.76
-17.59
-17.04
-16.08
-18.41
-17.15
-17.1
-17.3
-17.5
-16.99
-17.45
-17.89
-17.47
-18.58
-17.05
-16.98
-16.87
-17.32
-16.98
-18.01
-18.06
-16.65
-17.35
-17.14
-16.45
-17.51
-17.77
-16.72
-18.74
-18.24
-16.9
-16.86
-17.63
-17.96
-17.39
-16.52
-17.75
-17.17
-17.85
-16.68
-16.52
-16.61
-17.2
-17.04
-17.13
-17.0
-16.8
-16.85
-16.91
-18.31
-18.07
-17.13
-16.95
-17.48
-17.52
-16.55
-16.91
-17.74
-16.92
-17.26
-17.52
-17.1
-17.42
-17.54
-16.85
-17.04
-18.4
-16.72
-16.88
-17.26
-18.1
-17.42
-17.58
-17.04
-16.71
-16.42
-17.26
-17.05
-16.88
-17.79
-16.93
-17.53
-17.37
-17.23
-17.78
-16.7
-17.63
-16.67
-17.41
-16.57
-16.86
-17.54
-16.47
-16.72
-17.09
-16.95
-17.55
-16.71
-16.54
-17.3
-17.24
-17.22
-17.54
-17.31
-16.63
-17.76
-16.95
-18.35
-16.53
-17.53
-17.28
-17.17
-16.82
-16.76
-16.13
-17.32
-17.54
-17.11
-16.63
-17.52
-18.93
-16.77
-17.58
-17.26
-17.51
-17.28
-17.2
-17.01
-16.39
-16.98
-17.05
-17.47
-17.99
-17.38
-16.32
-17.25
-17.14
-17.22
-17.03
-17.77
-17.03
-17.35
-16.9
-17.5
-17.13
-16.29
-17.3
-16.56
-17.24
-19.4
-17.46
-17.53
-16.71
-18.07
-16.8
-19.28
-17.35
-17.05
-16.27
-17.34
-18.06
-19.18
-16.96
-16.42
-17.17
-17.39
-17.99
-17.01
-17.11
-16.87
-18.21
-18.42
-17.05
-17.98
-18.2
-17.52
-16.85
-17.5
-17.2
-18.42
-17.92
-17.22
-16.61
-18.26
-17.3
-17.66
-16.82
-17.15
-16.7
-17.26
-17.66
-16.73
-16.94
-16.81
-17.88
-17.76
-16.74
-17.64
-17.37
-17.0
-17.24
-16.61
-18.53
-16.66
-18.03
-19.94
-17.11
-17.34
-17.74
-17.05
-17.51
-17.16
-17.1
-16.68
-18.0
-16.91
-19.17
-17.27
-17.16
-17.36
-17.9
-17.36
-16.51
-16.9
-17.14
-18.32
-16.97
-16.86
-17.14
-16.93
-17.28
-17.3
-17.84
-18.05
-17.08
-16.95
-17.32
-17.65
-17.97
-17.93
-16.66
-17.96
-16.64
-17.41
-17.81
-18.15
-16.66
-16.74
-16.6
-16.17
-16.45
-16.8
-16.79
-17.56
-17.28
-18.94
-18.41
-16.87
-17.44
-17.47
-17.78
-16.85
-17.54
-17.7
-18.29
-16.3
-17.82
-17.62
-18.69
-18.42
-18.06
-18.06
-16.58
-16.56
-17.32
-16.95
-17.14
-17.99
-17.51
-16.8
-17.36
-17.41
-18.05
-18.02
-17.29
-16.91
-17.78
-17.01
-17.29
-17.22
-18.34
-16.83
-16.94
-17.15
-16.55
-18.44
-16.91
-17.12
-16.75
-17.48
-17.43
-16.6
-17.26
-17.53
-16.36
-16.8
-16.7
-16.78
-17.32
-16.97
-17.17
-17.29
-16.92
-18.74
-17.52
-17.97
-16.85
-17.72
-16.81
-17.26
-16.9
-17.64
-17.34
-17.13
-16.72
-16.17
-17.91
-17.83
-17.04
-16.46
-17.33
-17.07
-17.83
-16.74
-16.69
-16.96
-16.6
-17.17
-17.09
-17.37
-17.6
-16.9
-16.94
-17.52
-16.78
-17.0
-17.63
-16.98
-18.37
-17.62
-16.6
-18.55
-16.75
-16.54
-16.85
-17.11
-18.33
-17.51
-16.88
-16.38
-17.64
-17.18
-17.96
-17.23
-18.47
-17.68
-17.75
-18.25
-16.75
-17.88
-17.05
-17.55
-16.42
-17.44
-17.4
-17.06
-17.94
-16.65
-16.73
-16.44
-16.24
-17.49
-18.61
-16.94
-16.79
-17.56
-16.71
-17.28
-16.49
-17.77
-17.44
-17.84
-16.82
-17.05
-16.91
-16.9
-18.28
-16.83
-16.89
-16.87
-17.6
-16.58
-17.72
-17.27
-18.31
-17.09
-17.73
-17.9
-17.11
-17.73
-18.62
-17.64
-17.08
-17.85
-16.38
-16.59
-16.94
-16.89
-17.7
-17.38
-17.06
-16.46
-17.81
-16.67
-17.29
-17.21
-17.96
-18.37
-17.69
-16.92
-17.47
-17.17
-17.12
-18.76
-18.18
-17.37
-15.77
-16.48
-17.42
-17.32
-17.43
-16.94
-16.45
-17.29
-16.76
-16.95
-17.24
-17.23
-17.38
-17.12
-17.63
-17.97
-16.72
-17.76
-16.61
-17.84
-17.15
-16.94
-16.58
-16.34
-16.83
-17.6
-17.02
-16.76
-18.01
-17.09
-17.26
-17.72
-17.23
-16.89
-17.87
-16.32
-16.67
-16.67
-17.68
-16.64
-17.52
-17.51
-17.16
-16.62
-16.92
-17.1
-17.47
-17.44
-16.63
-19.88
-16.75
-17.64
-16.54
-16.72
-16.81
-17.57
-16.52
-18.44
-17.23
-17.54
-17.7
-17.43
-17.31
-16.51
-17.51
-17.53
-16.95
-18.2
-17.38
-17.69
-17.2
-16.7
-17.2
-18.59
-17.78
-17.87
-16.41
-17.84
-18.08
-16.54
-17.87
-17.38
-17.65
-16.76
-17.58
-16.69
-17.71
-17.3
-16.92
-17.81
-17.45
-16.98
-17.95
-17.37
-18.42
-17.01
-17.55
-17.32
-16.33
-16.85
-17.31
-16.33
-17.21
-17.68
-16.29
-17.95
-17.35
-18.47
-18.27
-17.73
-16.96
-16.96
-17.26
-16.52
-17.19
-16.68
-17.06
-17.06
-17.59
-16.58
-19.06
-18.81
-16.76
-16.95
-17.42
-17.34
-17.72
-17.58
-17.51
-17.17
-17.25
-18.02
-18.43
-17.73
-18.16
-16.92
-17.26
-16.95
-18.54
-18.18
-17.37
-17.07
-16.71
-16.97
-16.66
-16.85
-17.35
-17.34
-17.13
-17.37
-18.33
-17.13
-17.75
-18.01
-17.2
-17.83
-17.36
-17.77
-18.21
-16.89
-16.63
-16.38
-16.66
-17.4
-16.82
-16.19
-17.31
-17.8
-17.52
-17.55
-17.24
-17.25
-16.3
-16.89
-18.08
-17.2
-17.43
-16.36
-17.58
-16.45
-16.78
-16.99
-17.15
-16.79
-16.74
-16.89
-17.19
-17.32
-18.73
-17.46
-16.97
-17.0
-17.45
-17.41
-17.13
-16.86
-17.56
-18.4
-16.43
-17.7
-17.03
-16.89
-19.02
-17.21
-17.43
-17.64
-16.78
-16.83
-16.99
-18.29
-16.6
-16.65
-17.43
-16.7
-18.67
-16.93
-16.37
-17.34
-16.33
-17.57
-16.69
-16.39
-17.36
-17.52
-16.78
-17.16
-18.12
-16.91
-17.16
-16.91
-18.29
-17.08
-17.12
-17.1
-17.71
-15.96
-16.63
-17.53
-17.16
-17.94
-17.84
-17.0
-17.03
-17.02
-17.2
-17.8
-17.53
-17.32
-17.03
-16.75
-17.04
-17.93
-17.15
-17.58
-17.03
-17.2
-16.33
-16.33
-17.35
-17.44
-17.05
-17.09
-16.74
-17.66
-16.97
-17.07
-17.58
-17.01
-17.16
-17.96
-17.18
-20.19
-19.44
-17.84
-16.54
-17.59
-17.99
-17.49
-17.54
-16.95
-16.72
-17.25
-16.62
-17.73
-16.99
-17.67
-17.84
-18.82
-17.13
-17.89
-16.88
-17.09
-17.21
-17.12
-17.66
-18.92
-17.55
-17.2
-16.75
-16.79
-16.18
-17.5
-17.89
-17.07
-19.52
-17.5
-17.49
-16.69
-16.96
-17.02
-18.4
-17.0
-16.56
-17.24
-16.79
-17.38
-17.98
-18.47
-17.01
-18.19
-18.39
-17.43
-17.7
-16.7
-17.02
-18.33
-17.81
-17.38
-16.59
-16.7
-17.1
-17.04
-16.98
-16.74
-16.57
-16.64
-17.13
-17.84
-16.01
-17.27
-17.65
-16.82
-17.44
-17.81
-17.51
-17.48
-16.45
-17.4
-17.08
-18.28
-17.41
-17.17
-17.67
-16.97
-18.53
-17.97
-17.2
-17.3
-17.45
-17.79
-17.15
-17.52
-17.22
-16.93
-16.88
-16.75
-17.12
-17.19
-16.96
-17.96
-16.72
-16.86
-17.04
-18.03
-16.74
-17.0
-18.22
-16.98
-17.98
-16.77
-18.71
-18.82
-16.95
-18.28
-16.82
-17.61
-16.41
-16.56
-17.24
-17.6
-16.58
-16.94
-18.26
-17.05
-16.47
-17.22
-17.35
-17.49
-18.55
-17.02
-17.67
-16.98
-16.59
-17.27
-16.53
-16.63
-18.39
-16.97
-16.84
-17.16
-17.47
-17.05
-17.1
-17.97
-17.74
-17.63
-16.85
-16.95
-18.65
-17.56
-17.35
-16.66
-16.99
-17.13
-16.68
-18.04
-17.55
-16.59
-17.74
-17.11
-16.93
-17.66
-17.55
-16.77
-17.6
-17.16
-17.13
-16.98
-16.92
-16.92
-16.31
-17.11
-17.26
-17.31
-17.41
-17.83
-17.19
-16.71
-17.66
-16.76
-17.58
-16.36
-17.29
-16.61
-17.35
-17.68
-17.84
-17.38
-17.37
-16.52
-17.25
-16.78
-18.32
-16.83
-17.58
-17.17
-16.7
-16.55
-18.34
-17.06
-18.99
-18.82
-17.86
-18.73
-16.74
-16.84
-18.27
-18.53
-16.69
-16.76
-16.9
-18.13
-17.55
-17.5
-17.01
-17.1
-17.33
-17.13
-17.3
-18.85
-17.36
-18.5
-18.09
-19.06
-18.09
-16.59
-17.04
-16.81
-17.24
-18.3
-16.62
-18.19
-16.73
-17.16
-16.86
-17.35
-17.81
-16.92
-18.01
-17.16
-18.64
-17.03
-16.88
-17.38
-16.86
-16.85
-16.85
-17.44
-16.84
-17.13
-17.97
-18.37
-16.3
-16.79
-17.23
-17.11
-16.65
-18.37
-17.32
-17.36
-16.87
-16.32
-16.66
-16.9
-17.72
-17.16
-17.09
-17.13
-16.66
-18.37
-17.29
-17.43
-16.53
-17.03
-17.95
-17.39
-17.3
-16.95
-18.78
-17.79
-18.47
-18.44
-16.86
-16.89
-16.74
-17.77
-17.89
-17.18
-17.25
-17.07
-18.11
-18.41
-17.9
-17.59
-17.82
-17.57
-17.05
-16.48
-17.92
-16.71
-16.94
-17.75
-17.31
-18.44
-17.92
-16.56
-17.27
-17.25
-16.41
-17.46
-16.78
-17.01
-17.14
-17.24
-17.57
-18.07
-17.17
-16.63
-17.63
-17.3
-18.35
-16.98
-16.66
-16.25
-16.76
-17.2
-17.17
-17.81
-17.23
-17.74
-17.58
-16.88
-17.54
-17.52
-17.58
-17.66
-17.44
-17.55
-17.25
-17.62
-17.61
-17.1
-17.17
-17.59
-17.82
-18.35
-18.26
-17.46
-17.69
-17.59
-17.1
-16.77
-18.18
-17.78
-16.83
-17.41
-16.91
-17.61
-17.2
-17.7
-17.59
-17.55
-17.25
-17.22
-17.84
-17.03
-17.19
-18.46
-18.89
-18.02
-17.68
-18.47
-17.52
-17.25
-18.0
-16.48
-16.83
-17.88
-16.84
-17.46
-16.79
-17.8
-17.4
-18.02
-16.98
-17.49
-17.4
-17.27
-17.62
-16.75
-16.48
-17.36
-17.41
-17.55
-16.9
-16.55
-17.23
-16.79
-17.54
-16.99
-17.58
-16.45
-16.76
-17.08
-18.14
-17.7
-16.95
-16.82
-16.64
-16.86
-16.92
-17.24
-17.05
-17.96
-16.54
-17.17
-17.74
-16.93
-17.19
-17.49
-16.74
-17.36
-17.48
-16.94
-16.78
-16.66
-17.35
-17.98
-17.48
-17.73
-17.2
-17.31
-18.75
-17.35
-17.5
-17.79
-17.52
-16.49
-18.35
-16.34
-17.18
-17.8
-16.61
-16.55
-18.55
-17.99
-16.74
-16.87
-17.0
-17.07
-16.22
-17.54
-16.6
-17.73
-17.03
-17.12
-16.86
-16.49
-19.4
-16.03
-16.55
-17.25
-17.44
-17.53
-18.62
-17.66
-17.63
-17.32
-16.85
-18.28
-17.27
-16.87
-16.66
-16.66
-17.96
-16.75
-17.23
-17.23
-17.41
-17.38
-17.61
-17.32
-17.2
-17.06
-16.98
-16.72
-16.3
-17.2
-16.73
-16.54
-16.26
-16.53
-17.18
-17.61
-16.92
-17.03
-17.57
-16.71
-17.74
-17.87
-17.3
-16.49
-17.9
-17.2
-17.62
-16.81
-19.24
-17.01
-17.27
-16.51
-16.96
-18.32
-17.33
-16.68
-17.8
-17.28
-18.02
-17.5
-16.7
-16.39
-16.64
-16.64
-17.81
-17.84
-17.51
-17.23
-17.49
-17.81
-17.15
-16.62
-17.71
-18.81
-17.79
-17.62
-17.42
-19.13
-17.29
-17.44
-16.99
-17.42
-17.21
-17.53
-16.78
-16.61
-18.34
-16.87
-16.37
-16.59
-17.63
-16.67
-17.61
-16.78
-18.2
-16.9
-17.46
-16.42
-17.82
-17.59
-17.0
-18.06
-16.91
-16.74
-17.53
-16.86
-16.64
-16.81
-16.7
-17.05
-17.23
-17.12
-18.21
-17.0
-17.41
-17.7
-17.86
-16.6
-17.89
-16.9
-17.7
-17.38
-17.08
-16.83
-16.53
-17.63
-18.17
-16.94
-16.71
-17.0
-17.72
-19.02
-17.36
-17.87
-17.59
-17.52
-18.23
-16.99
-17.18
-17.79
-17.33
-17.2
-16.49
-17.04
-17.72
-16.87
-17.46
-17.58
-19.24
-16.99
-17.46
-18.35
-17.14
-17.0
-17.27
-17.13
-16.81
-17.27
-17.7
-16.65
-17.49
-16.76
-17.7
-16.92
-16.68
-17.3
-17.13
-17.39
-17.07
-17.62
-18.57
-17.55
-20.1
-17.04
-17.37
-18.62
-17.55
-17.63
-17.28
-16.86
-17.05
-16.8
-18.08
-16.93
-16.93
-16.4
-17.64
-17.69
-16.87
-18.76
-17.53
-16.24
-18.35
-17.13
-17.42
-17.15
-17.84
-18.24
-17.14
-17.28
-17.59
-17.59
-16.98
-18.07
-17.03
-18.3
-17.25
-18.13
-17.04
-17.56
-17.6
-16.65
-16.56
-17.4
-17.9
-17.5
-17.02
-16.91
-17.2
-17.54
-17.44
-17.87
-18.56
-17.65
-16.88
-16.57
-17.33
-17.36
-16.55
-17.04
-16.72
-17.13
-17.72
-16.77
-18.06
-17.51
-17.26
-16.68
-16.82
-16.69
-17.14
-18.08
-17.88
-17.56
-19.59
-17.7
-17.38
-17.4
-17.46
-16.46
-18.49
-17.77
-17.57
-17.29
-18.62
-16.82
-16.61
-17.04
-17.38
-17.79
-16.55
-17.47
-16.52
-17.46
-16.85
-17.24
-17.52
-16.93
-17.95
-17.21
-17.67
-17.79
-17.12
-17.52
-17.05
-17.08
-16.73
-17.69
-18.17
-16.85
-16.88
-18.14
-16.96
-17.04
-16.91
-19.47
-16.63
-17.3
-16.57
-17.68
-16.71
-18.09
-17.31
-16.97
-17.09
-17.23
-18.7
-16.71
-18.2
-17.11
-17.17
-17.0
-16.86
-17.01
-16.41
-17.87
-17.26
-17.45
-17.9
-17.3
-17.5
-17.43
-18.3
-16.32
-17.2
-17.09
-18.25
-17.54
-17.0
-17.95
-17.57
-17.2
-17.47
-16.47
-16.92
-17.88
-18.54
-16.79
-17.47
-17.07
-16.81
-18.57
-16.5
-17.56
-16.87
-17.5
-17.29
-17.26
-17.79
-17.52
-17.89
-17.18
-16.27
-17.49
-17.29
-17.28
-16.95
-17.97
-16.51
-17.04
-17.28
-17.63
-17.63
-16.54
-17.93
-19.03
-16.7
-17.69
-16.52
-17.27
-16.34
-17.08
-16.62
-17.53
-17.59
-17.27
-17.75
-18.14
-17.96
-17.54
-16.27
-17.53
-16.95
-17.61
-17.48
-17.4
-16.83
-17.48
-17.55
-17.58
-16.5
-17.0
-17.8
-17.12
-17.04
-17.47
-16.62
-17.54
-18.6
-17.5
-16.24
-17.55
-16.65
-18.7
-16.73
-16.8
-17.33
-17.63
-18.21
-17.23
-17.23
-17.01
-16.27
-16.99
-16.96
-18.37
-18.74
-17.57
-17.58
-17.27
-16.94
-16.92
-17.23
-16.18
-17.61
-17.79
-17.46
-17.49
-17.57
-16.82
-17.2
-17.77
-17.65
-17.2
-17.13
-16.78
-16.92
-16.67
-16.93
-17.04
-17.07
-18.79
-17.07
-16.27
-16.43
-18.44
-17.16
-17.2
-17.17
-17.28
-16.84
-17.37
-16.62
-17.5
-17.38
-17.12
-18.05
-16.78
-17.13
-16.85
-17.45
-17.22
-17.31
-18.03
-17.59
-17.29
-17.3
-17.62
-16.88
-17.49
-16.65
-16.67
-17.05
-17.67
-16.8
-16.61
-18.23
-16.38
-16.43
-16.74
-16.43
-17.46
-16.95
-16.83
-17.69
-16.72
-17.31
-17.45
-16.92
-17.42
-17.8
-16.87
-16.59
-16.76
-16.98
-17.73
-17.82
-17.24
-17.73
-17.08
-18.35
-16.52
-16.83
-16.45
-17.66
-16.94
-17.2
-17.14
-17.03
-18.52
-16.83
-17.36
-17.9
-16.81
-16.79
-17.86
-17.29
-17.39
-16.96
-17.02
-18.17
-16.84
-16.98
-16.76
-17.34
-16.77
-16.91
-18.14
-17.22
-17.08
-16.85
-17.29
-18.0
-17.18
-17.53
-16.73
-17.55
-17.05
-16.72
-18.45
-17.44
-16.7
-17.8
-17.61
-17.52
-16.68
-17.32
-17.28
-16.55
-17.31
-17.0
-17.23
-18.15
-16.65
-17.31
-17.35
-16.99
-16.67
-17.1
-17.41
-17.46
-17.37
-16.9
-16.9
-16.43
-16.78
-17.55
-17.62
-17.86
-17.34
-17.11
-17.43
-16.84
-17.69
-17.35
-17.2
-16.56
-16.49
-16.47
-17.83
-16.85
-17.88
-16.72
-16.89
-17.89
-18.34
-17.26
-17.23
-17.5
-16.72
-17.08
-18.19
-17.31
-17.88
-16.74
-18.96
-16.98
-17.32
-18.77
-16.91
-16.75
-17.21
-16.52
-17.77
-16.72
-16.97
-16.93
-16.62
-17.02
-17.2
-16.58
-18.53
-17.66
-17.24
-18.23
-17.73
-16.36
-17.22
-16.8
-18.01
-19.21
-17.01
-18.11
-16.97
-17.31
-16.72
-17.07
-17.49
-17.81
-16.77
-16.12
-17.71
-17.59
-18.18
-16.66
-17.84
-17.18
-18.05
-17.35
-16.74
-16.69
-16.89
-17.3
-17.38
-17.07
-17.46
-17.58
-17.7
-18.65
-16.85
-18.01
-17.52
-16.64
-17.5
-16.94
-19.0
-16.44
-17.85
-19.83
-17.99
-17.05
-17.8
-17.26
-17.36
-17.21
-18.15
-16.47
-17.29
-16.41
-19.14
-16.85
-17.07
-17.17
-17.14
-17.05
-16.46
-17.02
-17.5
-17.11
-16.66
-17.73
-17.93
-17.4
-16.44
-17.2
-17.3
-17.8
-17.3
-17.59
-16.89
-17.16
-16.95
-17.82
-17.51
-18.01
-16.41
-16.09
-16.59
-17.18
-17.33
-17.28
-18.5
-17.09
-17.42
-16.91
-17.35
-18.81
-17.04
-18.26
-17.9
-17.08
-16.94
-16.78
-16.76
-17.42
-16.44
-17.55
-17.34
-16.54
-17.32
-17.66
-17.26
-16.97
-16.78
-17.82
-18.41
-18.14
-17.65
-18.7
-18.43
-17.88
-19.83
-16.82
-17.4
iteration 6
