iteration 1
-223.44
-224.6
-343.93
-259.01
-268.68
-327.18
-282.31
-283.94
-265.84
-282.33
-318.76
-335.85
-228.12
-216.66
-308.64
-279.87
-190.07
-249.06
-222.18
-131.37
-136.76
-126.74
-130.54
-61.59
-63.92
-58.03
-54.79
-44.21
-42.0
-36.4
-32.99
-29.88
-30.95
-37.2
-30.69
-38.43
-34.05
-41.22
-37.85
-27.9
-30.63
-28.0
-28.65
-28.74
-34.57
-29.78
-25.23
-33.05
-34.79
-31.59
-31.19
-29.97
-35.89
-31.13
-34.79
-32.36
-33.54
-30.38
-33.46
-29.65
-27.91
-34.2
-26.09
-30.32
-27.7
-26.1
-27.69
-23.68
-22.67
-30.23
-24.97
-25.75
-28.99
-25.49
-32.52
-28.84
-27.4
-26.44
-24.56
-32.08
-27.02
-27.32
-27.99
-22.47
-25.32
-24.82
-26.4
-29.45
-25.15
-28.07
-23.13
-24.12
-30.43
-26.77
-22.99
-28.9
-33.29
-22.63
-19.67
-23.12
-20.08
-24.09
-20.7
-29.23
-28.48
-23.44
-24.93
-27.44
-24.49
-23.09
-23.65
-23.03
-24.78
-20.9
-23.42
-22.96
-21.88
-21.86
-23.0
-22.01
-22.86
-21.82
-22.28
-25.14
-21.98
-25.02
-24.73
-25.39
-25.59
-24.02
-29.84
-21.48
-26.16
-21.95
-23.47
-27.34
-25.21
-24.32
-28.86
-26.22
-23.53
-24.48
-22.7
-24.05
-23.46
-22.14
-25.44
-27.66
-24.03
-24.11
-23.48
-26.68
-30.81
-25.12
-22.49
-26.65
-30.47
-28.0
-28.87
-26.83
-29.09
-26.49
-28.58
-29.14
-26.67
-25.6
-28.53
-33.6
-29.08
-31.65
-29.36
-32.78
-33.19
-35.34
-33.46
-37.62
-45.69
-47.52
-41.2
-29.43
-46.78
-44.77
-45.6
-47.55
-58.67
-47.68
-65.57
-85.76
-113.93
-140.43
-161.38
-225.87
-180.01
-186.91
-297.61
-290.17
-330.82
-288.76
-295.46
-345.52
-399.79
-351.92
-363.08
-225.27
-310.25
-270.55
-354.31
-306.89
-362.17
-241.11
-275.81
-304.32
-288.78
-385.3
-357.43
-313.11
-318.79
-272.55
-310.23
-341.51
-298.82
-343.87
-308.08
-390.64
-322.22
-379.43
-212.9
-278.94
-274.18
-351.58
-351.9
-302.59
-276.25
-263.53
-237.38
-209.29
-308.64
-246.12
-244.65
-268.43
-316.22
-401.15
-356.41
-302.5
-263.8
-346.19
-304.5
-288.28
-237.4
-316.88
-298.41
-280.15
-311.83
-267.56
-319.4
-349.99
-298.12
-329.8
-245.44
-307.12
-281.7
-376.56
-270.0
-313.57
-305.64
-375.88
-343.66
-320.4
-300.81
-353.57
-288.47
-312.28
-347.41
-336.98
-247.64
-342.04
-320.14
-331.74
-281.58
-346.74
-355.93
-354.51
-362.07
-401.21
-312.25
-267.95
-326.7
-388.44
-308.06
-349.48
-280.41
-256.83
-245.31
-338.18
-395.51
-363.06
-291.48
-275.19
-302.33
-306.38
-361.54
-343.53
-398.37
-293.92
-271.41
-341.02
-290.79
-196.81
-339.18
-311.3
-251.14
-294.13
-292.96
-302.41
-283.2
-322.67
-196.65
-291.39
-290.86
-362.99
-401.24
-357.66
-327.09
-343.07
-359.76
-321.58
-283.07
-310.76
-284.24
-324.56
-295.01
-377.11
-314.04
-343.17
-336.91
-308.71
-351.74
-352.23
-340.0
-350.21
-369.64
-288.05
-293.47
-244.86
-275.08
-277.8
-202.3
-179.74
-170.77
-206.86
-239.85
-217.56
-133.43
-152.28
-127.99
-115.68
-116.58
-101.79
-100.39
-84.14
-76.49
-102.46
-58.8
-53.07
-59.24
-46.85
-40.95
-57.83
-50.85
-43.5
-40.2
-41.12
-38.07
-39.28
-40.05
-43.18
-38.47
-29.57
-39.97
-41.75
-42.25
-39.33
-40.1
-47.46
-37.36
-38.3
-34.16
-36.86
-30.14
-30.03
-29.35
-32.51
-31.87
-31.03
-28.64
-27.35
-27.09
-28.05
-28.44
-28.73
-25.69
-29.99
-30.45
-28.58
-38.89
-27.15
-26.85
-30.25
-26.42
-25.14
-24.53
-28.37
-26.25
-28.05
-25.85
-25.68
-22.49
-24.66
-24.18
-23.84
-23.33
-24.26
-21.68
-21.77
-22.32
-20.05
-24.39
-21.38
-21.06
-22.37
-22.24
-24.67
-23.07
-21.34
-22.08
-21.66
-21.96
-22.89
-21.55
-21.55
-20.94
-25.09
-21.44
-21.65
-22.21
-19.22
-21.43
-20.83
-21.46
-20.26
-20.8
-22.42
-21.05
-20.13
-23.01
-20.58
-23.87
-21.89
-19.27
-22.57
-23.95
-21.95
-21.33
-21.14
-20.96
-18.94
-18.66
-20.73
-23.81
-23.67
-22.91
-21.01
-22.02
-19.94
-19.39
-21.11
-20.5
-22.1
-19.37
-21.31
-21.3
-21.53
-23.27
-23.67
-21.01
-20.18
-21.37
-20.84
-20.99
-19.75
-20.03
-21.78
-20.45
-21.31
-20.94
-22.18
-22.15
-21.98
-21.76
-21.94
-24.46
-21.37
-21.29
-19.36
-21.08
-20.31
-21.92
-21.94
-20.86
-22.32
-19.11
-19.99
-21.2
-20.0
-20.41
-21.84
-22.58
-21.53
-22.02
-20.94
-20.6
-21.71
-20.99
-21.21
-21.0
-21.98
-22.26
-23.07
-22.59
-22.38
-23.56
-22.46
-21.78
-22.03
-23.14
-22.33
-22.7
-23.66
-20.47
-23.1
-21.98
-20.56
-22.06
-24.39
-22.46
-21.33
-22.01
-22.4
-22.16
-19.82
-21.24
-22.3
-22.56
-24.23
-23.48
-22.57
-21.44
-23.88
-22.7
-27.12
-25.75
-22.21
-25.42
-32.7
-25.49
-27.03
-24.94
-31.73
-35.45
-30.72
-28.47
-27.06
-25.6
-24.18
-26.28
-30.69
-29.74
-32.19
-27.33
-25.89
-24.09
-29.55
-26.74
-27.97
-27.13
-34.4
-32.51
-32.59
-31.12
-31.5
-27.06
-29.13
-31.8
-28.67
-21.83
-33.6
-24.89
-26.3
-32.39
-37.06
-29.92
-26.7
-31.15
-34.61
-31.59
-28.28
-32.1
-30.15
-29.32
-32.93
-32.99
-32.03
-29.91
-27.38
-36.93
-34.2
-45.64
-32.15
-39.19
-37.5
-35.37
-42.38
-32.02
-36.93
-30.9
-38.0
-35.54
-53.55
-40.4
-43.15
-34.72
-47.06
-44.77
-34.13
-37.18
-33.01
-42.03
-56.9
-40.15
-43.06
-33.18
-47.52
-38.16
-50.37
-31.01
-40.52
-36.82
-42.86
-40.0
-38.74
-41.26
-40.31
-47.03
-43.61
-52.57
-43.52
-55.08
-64.44
-61.97
-65.07
-47.55
-48.95
-52.42
-80.73
-67.12
-70.86
-65.18
-58.93
-52.35
-95.12
-70.22
-85.52
-89.74
-83.49
-72.83
-56.25
-61.33
-70.84
-72.36
-92.46
-61.65
-57.55
-47.46
-63.38
-71.57
-67.47
-50.48
-55.79
-62.14
-55.4
-45.19
-46.86
-57.38
-77.71
-75.67
-51.45
-81.5
-108.86
-62.99
-79.77
-58.72
-73.17
-72.02
-57.33
-49.1
-58.28
-51.29
-54.82
-53.56
-48.74
-50.72
-64.04
-85.95
-54.76
-48.16
-68.92
-63.91
-64.39
-72.06
-74.27
-80.27
-71.18
-115.21
-78.2
-72.92
-50.05
-84.94
-63.59
-62.26
-89.22
-87.08
-60.85
-77.61
-73.12
-73.84
-73.64
-59.16
-70.04
-64.65
-61.81
-56.82
-59.2
-60.72
-65.56
-56.24
-68.83
-59.25
-58.44
-46.73
-62.7
-48.15
-60.11
-60.79
-77.54
-43.63
-40.64
-38.45
-39.98
-47.57
-43.45
-37.06
-45.28
-41.04
-38.39
-39.97
-36.78
-39.28
-50.49
-41.29
-45.42
-47.74
-55.76
-48.78
-38.38
-40.61
-51.47
-37.66
-49.05
-44.22
-48.67
-56.58
-50.15
-51.18
-40.33
-51.4
-49.3
-38.83
-34.67
-35.01
-47.44
-35.36
-51.08
-40.99
-37.3
-41.21
-35.76
-42.35
-33.17
-40.88
-49.26
-40.41
-47.29
-43.42
-45.83
-48.94
-31.6
-35.44
-39.01
-49.25
-35.01
-32.14
-32.47
-30.03
-34.62
-29.01
-37.22
-35.16
-41.39
-37.26
-35.28
-32.56
-33.67
-31.32
-34.02
-36.63
-35.51
-32.43
-39.69
-29.89
-34.2
-46.2
-33.69
-36.7
-27.65
-34.29
-33.3
-36.56
-33.84
-30.31
-35.24
-32.12
-31.11
-37.01
-28.06
-34.1
-31.17
-28.48
-27.87
-28.91
-25.67
-27.3
-28.23
-30.87
-23.35
-31.99
-25.36
-29.32
-28.11
-30.64
-24.88
-31.74
-23.81
-24.42
-28.88
-23.33
-24.23
-23.37
-26.91
-23.35
-24.21
-24.49
-22.06
-23.73
-24.27
-22.84
-25.7
-27.89
-29.57
-28.86
-31.96
-28.87
-27.6
-27.85
-31.09
-28.06
-29.55
-31.2
-28.92
-28.58
-29.59
-28.49
-28.2
-29.36
-29.79
-28.76
-28.62
-27.38
-28.34
-28.69
-28.99
-27.89
-27.63
-28.63
-30.1
-29.61
-28.76
-29.62
-27.57
-39.68
-27.54
-28.76
-28.39
-28.38
-26.86
-29.18
-27.63
-25.53
-27.59
-28.54
-25.15
-28.1
-28.61
-27.1
-28.52
-29.72
-25.69
-25.99
-25.42
-24.36
-28.27
-25.61
-25.33
-24.75
-25.2
-24.38
-25.34
-25.15
-25.58
-23.46
-24.58
-23.6
-24.06
-24.11
-22.62
-26.04
-21.01
-22.62
-25.69
-22.01
-22.68
-21.88
-22.83
-20.95
-23.06
-22.56
-23.29
-23.9
-22.93
-23.71
-20.29
-21.56
-21.59
-22.88
-20.84
-23.56
-20.79
-23.28
-23.26
-23.56
-23.25
-23.28
-23.28
-20.29
-21.75
-22.35
-22.25
-22.34
-21.24
-24.07
-21.45
-24.58
-22.19
-20.36
-22.03
-22.66
-20.53
-24.13
-20.33
-22.61
-21.17
-21.61
-22.79
-19.23
-22.77
-21.14
-22.45
-20.61
-21.62
-21.39
-21.77
-22.97
-21.92
-24.34
-22.56
-22.35
-19.56
-22.85
-22.64
-22.14
-23.69
-23.76
-24.4
-21.29
-21.03
-20.95
-21.48
-21.03
-20.1
-19.55
-21.37
-21.73
-21.18
-21.6
-21.28
-19.64
-21.78
-22.04
-23.66
-21.58
-19.94
-21.87
-20.34
-20.59
-21.11
-22.33
-20.16
-21.02
-22.08
-20.68
-21.44
-19.95
-21.51
-20.56
-22.13
-22.52
-21.06
-22.31
-20.85
-21.69
-20.16
-21.63
-21.9
-24.07
-23.77
-21.21
-22.96
-20.08
-21.34
-20.81
-20.56
-21.16
-19.04
-20.66
-19.18
-20.63
-20.18
-20.74
-22.21
-22.12
-23.0
-19.51
-21.59
-22.3
-19.7
-20.47
-20.54
-22.07
-20.75
-20.99
-20.92
-21.36
-21.32
-21.42
-19.94
-22.39
-20.35
-21.94
-19.56
-20.53
-21.31
-20.42
-20.23
-19.95
-20.23
-20.41
-20.8
-18.59
-19.55
-20.79
-20.2
-21.45
-20.23
-19.47
-20.13
-19.98
-20.21
-19.22
-19.36
-19.94
-20.86
-21.87
-19.91
-19.14
-20.13
-20.57
-19.63
-18.98
-19.93
-19.66
-21.37
-20.68
-20.27
-18.61
-20.86
-20.86
-22.78
-20.51
-20.37
-21.97
-20.26
-20.88
-20.51
-20.28
-20.23
-19.62
-19.86
-19.9
-20.16
-20.44
-19.66
-19.57
-18.87
-20.11
-18.82
-21.62
-21.85
-19.5
-20.34
-19.96
-21.98
-19.52
-20.31
-20.73
-20.85
-19.88
-19.67
-19.61
-18.94
-20.28
-20.28
-20.3
-19.24
-21.23
-19.54
-20.08
-20.43
-19.44
-20.24
-20.23
-19.35
-20.62
-20.19
-19.72
-20.52
-18.69
-20.16
-20.06
-21.1
-20.0
-21.46
-19.67
-19.31
-19.33
-20.47
-19.95
-20.01
-18.78
-20.38
-19.88
-19.38
-20.31
-20.33
-20.18
-19.08
-19.32
-19.03
-19.74
-19.07
-18.7
-20.7
-19.77
-19.97
-19.09
-20.08
-19.75
-21.14
-20.19
-20.06
-20.97
-20.28
-20.75
-21.42
-20.3
-23.05
-20.88
-20.27
-19.71
-18.86
-18.1
-20.69
-19.59
-19.62
-19.15
-19.42
-20.21
-20.19
-20.79
-21.24
-20.84
-19.38
-19.32
-21.24
-19.26
-20.94
-19.73
-21.87
-19.01
-19.98
-18.72
-18.5
-20.17
-19.84
-19.97
-18.77
-21.25
-20.3
-19.73
-20.13
-19.63
-19.81
-19.11
-19.09
-20.37
-18.66
-19.41
-20.05
-19.82
-18.68
-21.08
-21.16
-19.78
-19.99
-20.56
-20.26
-20.76
-19.25
-19.6
-20.81
-18.37
-19.12
-19.06
-19.15
-20.44
-19.03
-19.39
-20.22
-19.37
-19.53
-19.81
-18.29
-20.59
-19.76
-21.7
-18.55
-19.02
-20.06
-19.15
-20.05
-20.14
-18.95
-19.6
-19.27
-20.83
-19.4
-19.97
-20.89
-18.47
-18.85
-19.83
-19.36
-18.68
-19.54
-19.89
-19.45
-19.67
-20.77
-19.58
-20.15
-21.95
-21.26
-22.41
-19.28
-19.75
-20.54
-21.15
-20.69
-19.92
-20.29
-19.47
-20.17
-20.85
-19.24
-20.37
-20.93
-20.99
-18.71
-20.48
-20.31
-21.07
-19.98
-20.09
-20.43
-20.4
-19.57
-19.38
-21.03
-20.05
-19.8
-19.18
-20.29
-20.88
-19.82
-19.5
-21.49
-19.15
-19.31
-19.36
-20.3
-20.35
-20.19
-20.28
-19.46
-18.51
-19.98
-21.81
-19.74
-18.91
-19.41
-19.41
-20.46
-20.01
-18.45
-19.72
-20.23
-18.99
-19.35
-20.75
-19.21
-21.52
-21.28
-19.91
-19.19
-20.61
-19.78
-19.52
-19.74
-19.91
-18.99
-21.64
-19.09
-20.61
-19.97
-22.93
-19.59
-21.15
-19.36
-19.04
-20.45
-20.85
-19.54
-19.83
-20.73
-20.77
-21.14
-19.28
-21.01
-19.71
-19.63
-19.63
-19.87
-20.38
-18.75
-19.0
-20.09
-19.9
-18.81
-18.28
-19.5
-20.56
-20.62
-20.74
-19.31
-18.86
-17.48
-18.22
-19.4
-19.32
-18.25
-19.69
-19.18
-19.21
-18.61
-20.89
-19.55
-19.8
-19.11
-20.97
-18.05
-18.94
-19.5
-18.72
-18.79
-18.55
-18.0
-19.18
-18.44
-18.59
-17.84
-18.15
-21.58
-17.93
-20.3
-19.69
-19.35
-17.88
-19.22
-19.01
-19.83
-18.11
-18.69
-19.71
-18.52
-18.65
-19.47
-17.7
-17.64
-19.03
-18.11
-19.25
-18.68
-20.05
-20.2
-21.13
-19.35
-17.84
-21.67
-18.63
-18.92
-21.05
-18.97
-20.13
-18.93
-19.95
-18.66
-19.62
-18.8
-17.84
-17.92
-19.6
-19.3
-18.22
-18.78
-18.17
-19.42
-19.06
-19.15
-19.14
-19.2
-18.53
-19.61
-19.01
-18.62
-17.95
-18.66
-18.08
-20.14
-19.16
-18.75
-20.81
-18.93
-18.55
-19.05
-17.65
-19.53
-19.42
-18.17
-20.21
-19.01
-19.2
-19.04
-18.87
-18.6
-17.88
-19.14
-21.17
-18.42
-18.68
-19.25
-19.94
-19.8
-18.92
-19.35
-18.54
-19.89
-19.51
-19.7
-19.81
-18.82
-19.14
-20.78
-19.1
-19.43
-20.48
-19.88
-19.02
-18.95
-18.06
-18.71
-18.33
-18.19
-17.67
-20.37
-17.9
-19.32
-19.5
-20.5
-18.88
-17.85
-18.71
-19.81
-19.88
-19.78
-18.36
-19.17
-19.01
-19.28
-19.92
-19.23
-19.21
-18.21
-19.34
-18.62
-18.55
-18.56
-18.16
-18.74
-20.42
-18.62
-19.96
-19.19
-18.13
-20.87
-19.36
-19.1
-18.86
-20.02
-18.71
-21.89
-18.85
-20.23
-17.55
-20.96
-18.66
-19.37
-19.64
-19.53
-20.23
-19.83
-18.84
-20.18
-20.0
-19.62
-19.32
-19.88
-20.71
-21.59
-19.47
-19.13
-19.02
-19.43
-20.13
-18.99
-20.0
-18.82
-19.65
-19.48
-18.39
-17.36
-19.21
-20.27
-18.17
-19.61
-19.36
-19.08
-19.46
-21.1
-19.3
-20.1
-19.88
-20.35
-21.46
-20.73
-20.15
-17.39
-20.4
-18.87
-19.08
-19.5
-18.17
-19.0
-19.17
-19.01
-19.05
-18.55
-18.47
-19.08
-17.75
-19.69
-19.39
-20.0
-21.53
-18.41
-17.94
-17.96
-19.21
-18.75
-19.02
-22.46
-19.54
-19.26
-18.71
-18.86
-18.76
-18.63
-19.66
-19.64
-19.85
-18.7
-17.94
-19.71
-19.09
-20.56
-18.98
-18.95
-20.05
-20.21
-18.17
-19.82
-19.18
-17.61
-18.4
-18.04
-19.12
-18.36
-18.02
-18.64
-18.21
-19.96
-18.56
-18.22
-18.07
-19.29
-18.33
-17.83
-18.87
-17.07
-19.17
-18.88
-18.85
-19.4
-17.83
-22.4
-17.87
-19.32
-20.05
-19.27
-18.67
-18.29
-19.07
-19.73
-19.43
-21.03
-18.65
-20.85
-19.3
-18.77
-18.51
-19.23
-19.14
-18.9
-17.88
-18.93
-18.94
-19.55
-18.97
-18.14
-17.86
-19.65
-18.78
-18.59
-18.85
-17.67
-18.6
-18.0
-19.76
-19.22
-18.62
-18.38
-19.97
-19.52
-20.06
-18.13
-18.68
-20.38
-18.59
-18.7
-18.44
-19.0
-18.21
-20.41
-18.85
-19.35
-17.01
-18.54
-18.39
-17.82
-18.4
-18.3
-17.9
-18.24
-18.62
-19.14
-17.79
-19.11
-18.73
-18.47
-19.92
-17.68
-20.06
-18.64
-18.37
-18.05
-17.96
-18.18
-17.28
-18.93
-19.84
-18.18
-19.71
-19.26
-17.61
-19.69
-18.78
-20.95
-17.69
-20.03
-18.48
-18.53
-20.21
-18.38
-19.16
-18.65
-18.04
-17.55
-19.75
-18.16
-18.89
-19.28
-19.37
-18.98
-18.18
-19.56
-18.98
-17.25
-17.96
-18.34
-18.49
-19.33
-19.06
-17.92
-18.5
-19.27
-18.56
-19.24
-18.55
-18.01
-18.98
-20.69
-18.62
-18.78
-18.84
-19.01
-18.87
-19.12
-17.71
-19.77
-16.87
-19.12
-18.47
-16.73
-18.49
-18.2
-20.38
-19.36
-17.49
-18.49
-18.55
-18.78
-19.62
-19.18
-17.11
-16.84
-18.41
-18.74
-17.88
-17.94
-19.16
-17.61
-19.38
-18.98
-17.92
-19.09
-19.48
-18.15
-18.42
-18.89
-19.46
-18.23
-18.42
-18.73
-19.83
-17.42
-19.22
-19.04
-20.18
-17.81
-18.1
-18.1
-18.41
-18.02
-18.97
-17.99
-18.25
-19.07
-20.42
-20.39
-21.21
-19.65
-16.56
-19.58
-19.02
-19.36
-18.51
-17.92
-18.38
-17.67
-18.99
-18.54
-17.2
-18.3
-17.73
-20.09
-18.99
-18.62
-18.75
-17.97
-18.53
-20.77
-17.27
-18.08
-19.6
-17.75
-18.22
-17.85
-20.0
-17.95
-19.33
-19.28
-18.86
-17.46
-19.51
-18.97
-18.01
-17.96
-19.45
-18.21
-19.17
-18.13
-20.44
-17.14
-17.4
-18.08
-18.85
-17.54
-18.71
-19.28
-18.69
-19.01
-17.95
-18.02
-18.31
-17.49
-18.82
-18.78
-18.93
-21.03
-17.67
-17.77
-16.78
-19.32
-17.52
-18.61
-18.22
-18.92
-18.74
-17.95
-20.5
-19.83
-19.17
-18.74
-17.59
-19.6
-18.55
-18.52
-18.81
-18.69
-19.54
-17.24
-17.81
-18.04
-17.85
-17.76
-21.9
-18.8
-17.82
-18.59
-19.37
-18.31
-18.32
-17.04
-18.52
-18.43
-18.78
-17.71
-18.82
-19.37
-17.68
-19.26
-19.23
-17.67
-18.25
-17.07
-18.09
-18.97
-18.73
-19.23
-18.4
-17.73
-20.67
-18.34
-18.78
-19.1
-18.08
-19.85
-18.45
-18.14
-17.69
-18.38
-18.63
-18.67
iteration 2
-177.1
-345.65
-314.13
-279.77
-250.75
-300.76
-317.5
-307.68
-319.77
-393.72
-286.4
-337.67
-336.45
-247.63
-298.17
-342.7
-360.32
-364.1
-366.36
-293.99
-364.89
-218.36
-258.53
-230.37
-166.89
-136.88
-127.76
-127.85
-88.43
-188.45
-168.91
-198.27
-131.17
-129.98
-120.93
-120.78
-118.47
-117.0
-118.23
-121.12
-121.45
-119.71
-119.01
-87.73
-50.88
-70.8
-49.79
-99.77
-117.84
-119.3
-116.79
-117.9
-32.4
-61.45
-60.98
-115.91
-116.48
-118.46
-115.44
-82.64
-109.15
-81.38
-72.3
-104.42
-118.26
-118.32
-117.04
-74.65
-110.41
-116.31
-118.99
-120.67
-121.83
-121.91
-117.1
-119.85
-121.72
-117.76
-92.71
-93.34
-115.33
-77.83
-108.82
-118.41
-88.04
-99.58
-116.43
-73.55
-121.56
-117.81
-119.51
-119.77
-118.6
-121.15
-117.92
-117.96
-74.69
-68.53
-99.42
-80.36
-114.78
-72.25
-116.77
-114.95
-68.44
-115.04
-115.18
-120.25
-101.96
-84.24
-117.23
-81.86
-49.75
-77.99
-100.82
-116.43
-67.09
-76.15
-74.47
-90.8
-86.76
-115.45
-119.02
-115.61
-75.87
-44.94
-73.33
-88.52
-86.21
-79.89
-103.25
-115.91
-97.68
-83.47
-116.09
-117.34
-115.08
-115.93
-113.58
-87.53
-94.26
-114.19
-77.12
-112.31
-68.13
-110.24
-102.69
-74.81
-114.73
-113.73
-114.84
-114.81
-113.4
-114.09
-115.15
-113.19
-106.37
-71.24
-115.94
-113.83
-115.34
-115.61
-94.95
-38.42
-100.07
-115.09
-115.53
-114.19
-70.28
-71.07
-106.4
-116.48
-115.01
-81.34
-63.08
-104.21
-113.94
-114.28
-80.13
-48.57
-110.68
-113.6
-113.24
-113.85
-114.5
-116.06
-113.86
-115.86
-78.64
-84.06
-106.76
-75.27
-114.41
-112.19
-42.9
-96.82
-114.01
-113.98
-114.69
-66.3
-112.35
-68.39
-109.24
-87.97
-89.19
-63.57
-113.47
-115.39
-112.98
-113.84
-87.9
-75.58
-75.87
-115.49
-113.43
-109.16
-68.59
-113.65
-113.1
-88.15
-95.59
-113.16
-113.59
-115.4
-112.86
-57.38
-70.4
-112.51
-84.43
-41.72
-103.66
-114.82
-114.64
-67.09
-113.32
-112.86
-93.97
-78.51
-105.76
-76.37
-69.98
-69.27
-77.73
-52.9
-61.85
-99.36
-80.25
-104.14
-54.31
-49.33
-37.88
-45.15
-35.54
-46.21
-108.7
-42.49
-40.52
-49.6
-103.74
-40.9
-43.3
-94.12
-37.57
-33.28
-70.78
-112.74
-22.71
-48.64
-63.43
-84.67
-92.15
-45.82
-39.16
-88.99
-70.57
-37.34
-25.42
-94.73
-38.06
-48.99
-78.56
-57.28
-82.73
-107.97
-65.3
-37.84
-27.44
-63.84
-54.61
-56.49
-98.47
-68.96
-32.19
-26.47
-41.27
-69.2
-43.87
-45.94
-28.1
-26.81
-43.5
-50.95
-29.12
-35.64
-92.99
-66.97
-91.35
-30.16
-80.99
-58.7
-52.08
-57.76
-79.43
-34.29
-41.58
-83.02
-49.7
-33.88
-66.02
-40.44
-69.39
-48.12
-34.05
-43.62
-30.46
-52.76
-57.25
-40.89
-39.07
-95.06
-30.24
-45.25
-41.04
-34.3
-53.82
-29.31
-36.97
-33.16
-48.13
-33.31
-39.19
-52.06
-38.0
-30.54
-29.48
-36.46
-49.7
-41.76
-58.15
-63.28
-30.6
-36.94
-27.12
-38.35
-34.95
-46.62
-43.07
-45.01
-37.16
-44.58
-35.44
-33.52
-34.28
-42.23
-82.49
-35.66
-69.67
-30.37
-35.68
-26.02
-53.12
-42.09
-35.89
-55.23
-39.18
-38.62
-34.36
-32.74
-32.73
-34.99
-66.32
-34.97
-46.54
-33.39
-47.55
-48.43
-43.56
-32.76
-41.39
-34.55
-35.87
-54.9
-37.52
-47.33
-40.71
-37.8
-71.75
-49.35
-29.12
-35.94
-28.42
-34.16
-54.42
-38.07
-33.58
-32.98
-72.63
-47.97
-33.38
-38.07
-48.0
-44.82
-41.44
-57.34
-41.21
-26.44
-33.59
-30.36
-47.75
-49.71
-37.85
-52.53
-85.6
-35.69
-38.55
-33.13
-28.23
-29.71
-28.76
-49.63
-48.07
-36.74
-29.87
-46.25
-37.35
-23.21
-25.54
-36.1
-53.94
-40.49
-33.63
-41.17
-48.12
-40.88
-30.97
-41.14
-31.98
-27.67
-29.62
-26.25
-29.37
-30.21
-37.7
-34.62
-25.68
-22.37
-25.6
-26.7
-22.99
-34.29
-28.42
-37.64
-38.14
-28.41
-35.38
-40.03
-26.91
-50.88
-34.19
-26.53
-42.18
-24.75
-29.05
-28.32
-25.89
-35.13
-52.99
-35.33
-23.87
-24.6
-25.7
-35.03
-28.36
-39.45
-29.56
-26.5
-28.9
-26.86
-28.43
-37.8
-27.05
-34.37
-34.37
-31.07
-31.78
-41.88
-32.16
-32.25
-28.98
-31.17
-30.57
-36.99
-35.19
-38.07
-47.64
-38.24
-44.6
-32.45
-39.76
-30.8
-32.09
-33.41
-30.83
-27.61
-29.06
-33.94
-29.69
-38.56
-32.89
-32.43
-38.89
-47.82
-56.18
-31.02
-27.93
-43.68
-28.91
-29.4
-25.26
-24.6
-33.09
-29.95
-28.04
-25.68
-35.33
-25.07
-30.12
-29.45
-34.11
-28.36
-31.65
-34.33
-30.5
-27.03
-28.18
-28.91
-31.0
-24.19
-25.95
-34.4
-33.09
-28.1
-27.5
-27.99
-32.39
-30.73
-45.11
-29.35
-33.04
-31.14
-32.92
-29.67
-27.2
-28.32
-29.96
-27.08
-31.32
-29.51
-30.57
-26.22
-28.68
-27.36
-30.65
-39.38
-42.47
-29.33
-26.28
-32.05
-31.3
-31.03
-28.77
-32.5
-25.6
-28.05
-29.21
-31.65
-28.76
-27.51
-28.85
-32.53
-29.81
-27.92
-30.45
-41.45
-33.05
-28.8
-29.18
-24.32
-32.14
-25.6
-28.2
-25.72
-31.73
-32.76
-30.94
-27.48
-26.04
-26.81
-30.43
-32.89
-26.15
-28.37
-28.25
-26.03
-27.53
-25.22
-24.3
-28.77
-30.95
-29.77
-27.38
-28.81
-31.43
-27.77
-29.39
-27.5
-32.08
-33.09
-27.2
-29.07
-27.55
-27.24
-25.59
-32.52
-26.74
-30.54
-31.56
-42.04
-28.13
-27.93
-30.26
-26.35
-24.0
-29.22
-27.94
-28.03
-26.06
-24.88
-27.07
-27.95
-30.42
-31.69
-31.03
-26.4
-30.61
-28.26
-24.28
-26.33
-24.83
-32.33
-27.07
-30.26
-25.88
-33.1
-28.4
-26.59
-25.01
-34.57
-25.88
-28.72
-31.11
-25.69
-27.31
-25.49
-30.82
-27.16
-28.71
-26.58
-29.95
-27.99
-30.93
-26.21
-26.47
-32.34
-29.83
-30.3
-31.78
-31.44
-24.31
-26.22
-26.94
-28.16
-26.68
-27.22
-27.98
-26.78
-27.77
-26.79
-28.47
-26.56
-33.48
-24.37
-25.8
-25.12
-24.35
-25.24
-26.61
-25.27
-24.56
-26.34
-28.02
-26.89
-29.2
-25.33
-25.29
-25.26
-25.49
-21.98
-24.17
-26.94
-27.56
-26.38
-26.47
-25.12
-26.4
-29.59
-25.08
-24.18
-27.52
-26.85
-23.48
-27.25
-27.3
-23.88
-32.09
-27.01
-24.42
-27.37
-28.99
-25.85
-23.62
-24.23
-30.34
-24.86
-35.17
-34.78
-24.88
-26.9
-29.53
-28.15
-27.03
-23.08
-25.95
-33.56
-25.48
-24.5
-25.46
-23.94
-36.52
-44.32
-64.72
-79.17
-45.76
-64.21
-114.94
-60.17
-76.26
-71.8
-87.12
-96.72
-53.37
-107.61
-101.95
-69.23
-76.88
-93.34
-88.4
-116.17
-115.57
-116.98
-91.97
-90.84
-52.69
-66.68
-69.13
-116.08
-116.51
-66.64
-103.28
-84.11
-62.67
-101.56
-116.1
-68.97
-113.6
-115.44
-114.86
-85.01
-97.15
-67.71
-114.77
-74.48
-89.04
-86.19
-116.45
-115.55
-114.91
-81.9
-98.84
-106.18
-43.97
-87.25
-115.11
-66.35
-70.71
-69.7
-108.5
-114.6
-76.48
-63.11
-114.72
-113.68
-114.61
-115.05
-114.75
-114.27
-115.18
-114.28
-66.73
-49.8
-90.96
-48.57
-95.76
-85.56
-75.43
-84.6
-114.05
-65.97
-66.34
-113.05
-113.9
-115.17
-113.5
-79.37
-100.8
-114.0
-67.76
-113.22
-113.98
-69.17
-112.08
-114.13
-113.97
-115.29
-114.69
-114.06
-85.04
-95.52
-114.49
-114.84
-66.22
-114.27
-114.47
-114.58
-114.15
-114.73
-114.37
-114.02
-113.51
-114.35
-116.29
-113.29
-115.55
-97.93
-47.47
-84.27
-114.07
-77.07
-101.57
-115.09
-102.94
-54.54
-96.35
-55.13
-112.66
-115.66
-104.21
-73.71
-111.67
-67.37
-113.81
-52.07
-31.41
-40.11
-43.07
-39.47
-25.51
-26.56
-25.78
-21.05
-24.8
-20.65
-18.09
-20.78
-27.2
-22.47
-19.96
-19.84
-20.02
-32.3
-20.72
-19.76
-21.34
-21.53
-26.69
-19.86
-22.82
-20.78
-21.11
-23.02
-21.61
-19.86
-22.86
-20.22
-23.45
-22.76
-22.64
-19.82
-19.69
-20.63
-19.89
-20.75
-21.17
-26.06
-19.39
-24.24
-25.33
-25.62
-23.84
-23.05
-21.22
-24.42
-24.09
-22.32
-19.96
-29.04
-23.01
-24.65
-29.23
-20.69
-19.48
-25.29
-24.21
-31.86
-19.58
-22.81
-20.9
-23.22
-25.37
-24.9
-26.66
-24.62
-21.7
-21.25
-23.07
-20.79
-24.94
-34.88
-24.25
-23.01
-22.04
-21.06
-19.45
-24.37
-19.92
-21.02
-22.27
-24.6
-21.67
-21.15
-29.24
-23.07
-21.09
-23.22
-23.05
-23.28
-20.43
-21.48
-19.65
-22.04
-19.81
-23.84
-24.55
-19.69
-21.57
-19.34
-20.08
-24.14
-22.86
-21.52
-20.65
-23.02
-18.17
-21.82
-21.51
-22.38
-20.98
-19.52
-20.41
-27.65
-22.84
-19.24
-20.82
-21.94
-20.89
-24.99
-17.97
-20.65
-22.44
-23.68
-22.14
-18.44
-22.23
-19.06
-26.86
-23.43
-37.07
-21.43
-23.54
-20.22
-20.57
-21.87
-20.5
-20.53
-21.58
-21.83
-21.55
-24.64
-20.29
-20.97
-23.43
-20.61
-22.74
-23.67
-22.8
-20.53
-20.43
-27.61
-24.42
-21.52
-22.84
-22.76
-24.68
-21.37
-24.67
-21.78
-22.53
-21.44
-22.42
-19.66
-21.09
-20.99
-22.09
-23.34
-22.18
-24.33
-21.52
-23.05
-22.62
-22.96
-21.73
-23.27
-22.97
-20.79
-22.06
-21.05
-21.77
-21.55
-20.01
-22.38
-21.97
-22.56
-22.46
-22.72
-23.24
-24.09
-23.98
-26.55
-21.71
-23.48
-21.35
-21.98
-23.2
-21.2
-22.31
-22.3
-22.13
-26.08
-23.92
-21.13
-23.79
-20.45
-20.91
-21.6
-24.31
-21.77
-20.4
-21.7
-22.09
-20.27
-20.37
-20.08
-24.94
-23.14
-24.97
-20.47
-23.18
-23.74
-21.3
-23.47
-21.52
-21.66
-20.42
-20.73
-24.3
-20.72
-19.91
-22.16
-23.27
-21.85
-21.51
-22.49
-20.24
-19.79
-20.87
-21.98
-21.58
-23.2
-21.94
-22.06
-21.25
-21.58
-20.89
-21.28
-21.25
-23.95
-21.38
-23.38
-22.6
-20.08
-22.26
-19.59
-19.97
-20.39
-21.49
-23.13
-20.44
-19.92
-21.43
-22.13
-22.65
-21.21
-21.01
-20.34
-20.14
-22.28
-20.67
-20.72
-21.95
-21.42
-21.54
-21.98
-20.85
-25.25
-19.78
-23.24
-22.61
-22.63
-21.94
-23.04
-20.35
-22.72
-22.2
-22.95
-21.06
-22.01
-22.38
-24.59
-22.24
-23.91
-22.39
-22.4
-19.29
-23.58
-20.9
-21.33
-20.09
-21.5
-23.79
-29.05
-22.67
-20.68
-25.11
-23.99
-20.98
-21.06
-19.16
-22.3
-24.13
-21.21
-20.56
-18.33
-23.4
-19.53
-20.03
-24.65
-22.58
-20.59
-20.3
-20.36
-25.37
-20.6
-18.82
-20.62
-21.84
-20.22
-21.0
-20.67
-22.74
-19.91
-22.52
-23.62
-21.46
-22.43
-21.89
-20.94
-21.14
-20.82
-25.82
-28.18
-26.08
-22.0
-20.54
-21.02
-21.47
-20.53
-23.27
-19.56
-21.42
-21.16
-22.51
-24.27
-19.64
-19.31
-25.83
-35.35
-22.1
-22.31
-19.79
-22.4
-24.1
-21.19
-22.57
-27.7
-20.58
-19.91
-25.17
-25.44
-21.45
-21.47
-19.52
-20.03
-20.17
-22.9
-19.96
-25.14
-26.78
-21.42
-23.69
-22.16
-20.71
-23.35
-20.67
-20.94
-22.75
-27.25
-22.71
-21.67
-21.08
-21.79
-20.93
-21.1
-22.37
-21.11
-22.32
-21.73
-24.62
-20.82
-23.34
-20.42
-20.88
-22.97
-20.53
-20.45
-21.48
-20.25
-20.75
-19.68
-20.36
-21.97
-21.51
-23.3
-22.64
-19.99
-22.4
-21.35
-19.37
-23.55
-21.5
-23.77
-22.82
-21.9
-20.71
-21.4
-22.37
-25.01
-23.46
-22.54
-24.86
-24.54
-21.83
-21.22
-20.01
-20.4
-20.4
-19.62
-21.0
-20.04
-25.46
-20.36
-21.58
-23.28
-24.02
-19.69
-21.98
-22.05
-21.95
-19.96
-25.59
-21.94
-19.87
-21.24
-21.38
-21.33
-22.68
-21.71
-23.12
-21.76
-19.65
-18.8
-19.97
-26.63
-22.22
-22.29
-20.32
-19.56
-19.92
-19.74
-20.18
-21.12
-21.2
-19.38
-22.05
-25.04
-21.77
-22.71
-21.17
-21.01
-22.38
-21.36
-25.2
-20.18
-20.66
-21.53
-21.15
-21.88
-20.78
-19.57
-24.11
-19.89
-19.41
-21.71
-21.94
-23.08
-20.34
-19.16
-20.43
-21.26
-22.61
-19.84
-21.72
-21.07
-27.29
-22.28
-21.01
-21.95
-23.82
-21.37
-24.02
-19.01
-21.14
-20.09
-19.29
-20.5
-21.21
-21.87
-25.57
-21.14
-19.53
-22.42
-25.58
-20.94
-21.86
-21.54
-21.44
-24.31
-23.58
-21.92
-21.14
-21.24
-27.66
-23.74
-21.8
-23.7
-21.66
-21.34
-21.57
-24.56
-22.48
-24.78
-22.18
-21.81
-20.25
-21.5
-21.24
-21.86
-26.06
-21.93
-21.92
-20.38
-21.78
-21.68
-22.89
-19.65
-22.35
-20.27
-23.17
-21.7
-20.11
-20.53
-22.75
-24.75
-22.24
-22.66
-21.67
-20.73
-25.39
-19.59
-20.49
-20.27
-21.99
-21.79
-21.87
-21.36
-24.07
-22.29
-19.93
-22.74
-19.91
-21.44
-23.83
-24.11
-20.19
-24.28
-20.83
-21.88
-20.7
-22.03
-19.14
-22.41
-19.59
-20.27
-21.93
-21.87
-22.48
-20.16
-20.89
-20.68
-20.26
-21.47
-21.07
-22.2
-22.61
-21.09
-18.91
-20.76
-21.78
-21.46
-19.33
-19.9
-21.39
-24.39
-22.13
-22.76
-21.16
-22.97
-24.71
-21.89
-26.88
-18.86
-20.66
-20.87
-20.57
-22.0
-22.15
-19.93
-20.09
-21.43
-21.02
-22.24
-20.08
-23.93
-22.6
-21.14
-20.01
-20.03
-20.12
-23.04
-20.3
-21.23
-23.42
-23.7
-20.56
-22.54
-21.29
-25.86
-22.35
-24.84
-20.91
-22.42
-26.84
-20.57
-18.75
-22.65
-21.22
-26.89
-19.49
-24.07
-22.35
-19.0
-20.49
-19.93
-27.06
-23.5
-21.95
-23.7
-22.01
-22.35
-22.32
-27.26
-23.81
-22.77
-20.81
-21.05
-22.33
-19.89
-20.39
-21.57
-21.69
-20.59
-27.97
-20.67
-24.38
-21.79
-20.82
-21.33
-22.6
-21.06
-21.68
-20.26
-24.13
-20.54
-27.89
-24.81
-20.01
-20.48
-23.58
-20.85
-20.76
-21.08
-21.93
-21.34
-22.05
-21.8
-21.29
-20.54
-21.37
-25.04
-21.07
-27.68
-23.64
-23.89
-21.31
-20.49
-23.95
-20.54
-22.97
-22.25
-19.97
-18.93
-26.08
-22.65
-20.3
-27.03
-23.2
-20.34
-21.25
-21.43
-23.06
-21.79
-21.07
-23.32
-19.5
-21.28
-21.11
-22.04
-29.64
-27.35
-22.82
-24.04
-21.3
-20.58
-19.37
-20.82
-20.85
-19.22
-19.99
-20.29
-27.24
-24.34
-22.34
-19.09
-21.64
-23.11
-20.72
-21.49
-19.5
-24.88
-21.06
-24.17
-21.97
-26.71
-22.9
-26.74
-35.24
-24.76
-24.06
-19.95
-19.69
-24.03
-24.98
-21.1
-19.65
-20.94
-20.75
-20.41
-22.08
-24.49
-21.53
-35.95
-20.31
-20.99
-20.27
-19.85
-20.79
-21.2
-21.72
-24.24
-22.64
-22.39
-20.92
-22.32
-19.43
-22.65
-24.3
-20.05
-24.53
-21.87
-20.51
-20.54
-23.78
-20.2
-20.53
-20.27
-20.03
-21.01
-21.44
-21.54
-21.49
-19.11
-24.0
-20.96
-21.43
-20.65
-23.33
-21.36
-20.48
-24.28
-25.83
-25.99
-22.87
-21.48
-19.72
-21.21
-20.99
-24.34
-26.74
-30.21
-21.49
-26.98
-21.89
-20.72
-19.01
-21.11
-21.76
-22.01
-23.72
-21.55
-22.31
-21.38
-25.34
-20.42
-21.13
-29.85
-21.97
-21.22
-21.7
-25.89
-20.47
-23.19
-20.03
-20.83
-21.46
-25.16
-20.06
-20.22
-19.9
-21.31
-26.0
-19.95
-21.57
-20.65
-23.46
-21.52
-22.29
-27.2
-20.51
-20.76
-21.53
-25.25
-23.88
-21.08
-20.6
-24.47
-25.18
-23.95
-24.71
-21.66
-20.62
-19.95
-22.69
-21.9
-20.17
-21.91
-21.27
-23.82
-21.54
-20.05
-27.68
-20.99
-24.04
-42.06
-22.71
-22.21
-21.8
-23.04
-22.28
-23.74
-20.28
-24.79
-18.99
-22.03
-19.19
-23.67
-26.46
-21.33
-22.64
-22.6
-20.59
-22.85
-21.94
-20.98
-20.66
-24.57
-20.84
-19.69
-20.19
-22.63
-21.22
-19.32
-23.21
-20.23
-19.58
-24.02
-23.53
-21.65
-22.84
-19.95
-18.3
-21.01
-21.69
-22.96
-23.04
-21.81
-22.45
-22.92
-25.52
-18.85
-22.91
-20.96
-21.93
-25.52
-22.92
-25.67
-20.98
-23.76
-22.67
-22.83
-21.93
-23.4
-21.28
-23.85
-21.69
-22.61
-21.07
-20.53
-19.91
-20.6
-20.11
-20.31
-22.12
-20.8
-23.07
-20.96
-20.42
-20.16
-22.65
-24.12
-19.93
-21.24
-21.79
-21.23
-20.8
-24.11
-20.95
-21.37
-20.72
-21.68
-24.94
-22.49
-23.93
-18.97
-19.1
-20.71
-22.13
-20.83
-23.87
-27.95
-21.49
-19.73
-22.31
-20.5
-19.31
-21.54
-20.4
-22.17
-25.25
-21.65
-19.6
-22.33
-30.62
-22.64
-28.17
-22.92
-24.47
-26.38
-23.96
-24.31
-21.23
-19.07
-21.85
-20.58
-21.21
-24.0
-22.92
-26.66
-25.07
-22.35
-22.93
-23.27
-21.32
-21.77
-35.89
-22.66
-22.86
-22.39
-20.22
-24.25
-20.25
-24.31
-32.18
-20.83
-19.11
-20.53
-21.33
-21.9
-22.39
-22.99
-22.36
-21.98
-23.0
-19.98
-20.92
-21.39
-25.59
-20.91
-23.48
-24.52
-19.99
-20.4
-21.2
-22.95
-19.22
-20.46
-23.25
-22.04
-20.81
-29.29
-19.79
-22.15
-21.16
-19.71
-21.88
-19.13
-27.54
-20.92
-21.19
-25.8
-22.24
-22.68
-21.4
-20.37
-26.62
-21.62
-23.17
-20.15
-20.48
-22.57
-19.07
-21.71
-20.98
-24.44
-24.82
-23.05
-22.08
-22.69
-29.18
-20.08
-22.06
-22.1
iteration 3
-156.28
-245.4
-260.57
-347.69
-246.29
-260.3
-256.47
-304.45
-248.82
-234.63
-205.15
-293.84
-259.93
-270.58
-199.09
-189.88
-169.52
-212.91
-154.03
-137.47
-132.65
-154.52
-157.49
-91.57
-78.01
-60.41
-65.61
-105.2
-128.53
-84.12
-81.58
-95.36
-76.88
-55.24
-54.25
-64.33
-56.73
-51.49
-41.75
-51.54
-43.66
-34.11
-33.16
-32.17
-33.08
-34.22
-37.37
-30.47
-30.52
-26.54
-25.55
-25.71
-28.06
-23.53
-25.63
-28.72
-32.5
-25.43
-22.94
-25.26
-27.93
-27.35
-28.5
-28.86
-31.94
-25.66
-26.57
-25.58
-25.61
-27.82
-29.86
-30.35
-27.1
-25.88
-27.61
-28.61
-26.86
-24.68
-28.24
-29.21
-25.4
-30.24
-27.53
-28.72
-31.65
-26.64
-43.25
-28.82
-26.42
-33.46
-30.72
-27.22
-30.47
-26.58
-25.13
-29.07
-26.37
-26.87
-33.13
-25.05
-28.18
-29.79
-31.37
-27.0
-30.82
-24.13
-28.71
-25.45
-26.59
-26.95
-28.23
-25.29
-26.78
-27.45
-26.77
-24.45
-25.65
-29.35
-28.85
-34.16
-23.46
-26.52
-24.82
-33.19
-26.9
-28.83
-23.63
-26.39
-34.56
-27.3
-27.06
-25.53
-26.94
-24.46
-26.76
-22.29
-23.8
-26.1
-25.61
-27.53
-26.48
-29.81
-21.01
-21.98
-25.31
-27.02
-26.18
-22.64
-23.29
-24.45
-22.88
-27.04
-27.62
-28.59
-27.45
-23.28
-25.78
-25.29
-24.92
-22.64
-23.68
-30.51
-26.84
-20.93
-25.05
-20.42
-25.44
-33.24
-25.75
-24.34
-23.66
-24.42
-26.83
-22.48
-24.21
-23.8
-22.67
-25.32
-22.57
-24.14
-22.19
-21.26
-24.35
-21.14
-37.08
-24.71
-23.75
-23.37
-24.6
-22.74
-23.85
-22.94
-29.27
-22.96
-26.35
-27.21
-23.43
-24.57
-26.84
-23.7
-20.3
-24.17
-24.23
-25.3
-21.63
-22.26
-23.58
-23.7
-23.02
-23.52
-26.99
-25.46
-24.41
-22.58
-20.65
-24.03
-26.27
-22.05
-24.42
-24.43
-23.97
-24.16
-23.87
-24.8
-23.89
-27.26
-26.17
-25.91
-33.05
-27.17
-24.34
-25.43
-23.71
-23.17
-25.19
-26.09
-24.94
-26.18
-23.3
-25.05
-23.75
-28.34
-24.0
-24.61
-25.65
-25.19
-28.95
-24.02
-23.81
-24.51
-22.75
-22.92
-24.07
-27.57
-24.83
-25.42
-24.6
-23.96
-23.92
-25.46
-24.8
-25.34
-28.51
-25.4
-27.16
-29.72
-33.19
-24.71
-25.31
-27.11
-26.09
-24.67
-23.78
-23.86
-26.03
-27.92
-24.21
-26.71
-25.02
-26.76
-27.71
-28.52
-26.51
-25.1
-26.0
-27.88
-27.22
-22.87
-24.6
-25.24
-31.08
-28.89
-25.35
-27.56
-24.88
-25.5
-28.37
-25.67
-27.04
-23.67
-27.64
-31.06
-27.74
-27.01
-27.58
-25.51
-22.79
-28.02
-25.72
-27.32
-25.16
-26.49
-25.38
-26.28
-25.15
-24.51
-25.86
-25.93
-26.23
-23.63
-22.2
-23.09
-24.99
-27.37
-24.43
-22.63
-23.58
-24.46
-24.99
-26.09
-23.33
-25.03
-21.52
-23.87
-22.9
-23.54
-25.18
-23.25
-26.79
-26.74
-23.62
-24.24
-22.0
-22.35
-24.11
-23.73
-23.74
-24.23
-25.15
-25.71
-21.53
-21.58
-22.62
-25.31
-22.46
-24.48
-22.2
-23.15
-23.18
-23.81
-23.63
-23.41
-25.55
-22.55
-23.05
-22.21
-23.68
-21.46
-26.42
-25.26
-22.01
-26.8
-24.58
-23.77
-22.21
-25.13
-22.2
-23.0
-20.95
-22.58
-22.15
-22.27
-23.73
-24.17
-21.29
-22.47
-24.57
-22.91
-21.78
-24.09
-25.69
-27.85
-23.28
-23.29
-23.06
-22.03
-22.66
-23.16
-23.04
-22.83
-25.15
-23.38
-23.53
-23.61
-24.8
-23.71
-22.68
-23.49
-24.17
-21.55
-23.22
-23.37
-24.02
-21.58
-23.36
-21.65
-23.67
-23.19
-24.0
-23.42
-25.21
-24.99
-23.47
-23.4
-22.03
-23.12
-22.9
-23.56
-22.31
-23.51
-21.53
-22.02
-21.98
-22.13
-23.19
-21.92
-23.36
-22.87
-21.86
-22.85
-22.58
-22.8
-22.55
-21.35
-20.49
-23.0
-24.05
-24.7
-21.25
-20.74
-22.95
-22.92
-24.79
-22.68
-21.94
-23.02
-22.6
-23.25
-22.47
-22.81
-22.42
-22.43
-23.33
-24.62
-24.76
-22.18
-27.18
-23.06
-25.94
-21.91
-22.57
-21.45
-23.53
-21.95
-21.3
-21.66
-22.01
-22.75
-22.36
-20.74
-22.79
-20.68
-21.55
-24.01
-22.42
-20.54
-21.76
-23.53
-20.09
-20.99
-20.71
-21.37
-21.59
-21.59
-23.0
-22.09
-21.07
-20.88
-21.19
-21.96
-23.53
-21.84
-22.66
-21.15
-20.21
-21.23
-23.68
-20.68
-21.59
-23.5
-21.96
-22.01
-21.6
-21.17
-23.03
-21.23
-23.79
-19.99
-20.38
-20.81
-20.45
-23.12
-20.66
-21.38
-23.48
-22.19
-20.79
-21.27
-24.91
-22.11
-22.91
-22.26
-22.69
-22.74
-22.47
-22.51
-19.65
-19.59
-20.54
-21.21
-23.38
-21.76
-21.67
-21.68
-21.02
-20.87
-20.95
-21.01
-21.2
-20.78
-20.22
-22.47
-22.71
-20.72
-20.83
-19.75
-22.55
-21.11
-22.1
-20.76
-24.71
-21.34
-21.71
-21.39
-22.09
-22.12
-21.75
-21.57
-21.45
-20.63
-21.03
-21.41
-21.13
-20.55
-22.21
-21.94
-20.14
-19.67
-22.51
-20.94
-22.28
-21.04
-21.61
-21.51
-20.78
-21.9
-22.95
-20.67
-22.37
-23.45
-22.1
-21.27
-23.38
-21.84
-23.36
-23.88
-21.54
-19.45
-20.2
-21.05
-21.55
-21.14
-20.36
-20.69
-21.17
-22.63
-21.63
-21.46
-21.28
-19.95
-20.98
-21.55
-21.29
-20.81
-19.33
-20.76
-18.69
-20.71
-19.93
-20.38
-22.52
-20.41
-19.12
-20.23
-19.03
-20.74
-21.28
-21.11
-18.58
-18.61
-19.85
-20.53
-21.24
-19.85
-19.52
-19.16
-20.5
-19.31
-21.01
-19.56
-18.28
-19.33
-19.97
-18.92
-20.48
-18.31
-20.07
-19.46
-19.81
-19.43
-18.69
-18.15
-19.38
-18.31
-19.18
-17.74
-18.54
-18.23
-18.02
-17.92
-19.96
-20.5
-18.3
-18.96
-17.84
-18.71
-19.89
-18.69
-18.57
-19.41
-17.8
-18.91
-18.72
-21.07
-19.79
-18.41
-20.39
-19.08
-18.73
-19.7
-18.74
-18.02
-19.36
-19.82
-18.6
-19.03
-18.52
-20.59
-21.41
-19.55
-19.13
-18.11
-18.93
-19.31
-17.92
-19.82
-18.39
-18.72
-18.23
-18.92
-18.5
-19.9
-17.1
-18.74
-18.32
-21.5
-18.6
-19.18
-17.43
-17.84
-18.9
-20.43
-17.68
-18.35
-17.91
-18.39
-18.71
-17.71
-17.95
-19.36
-21.03
-21.47
-19.04
-19.18
-18.6
-17.84
-18.73
-19.04
-19.45
-17.85
-19.16
-19.46
-19.73
-19.2
-17.64
-18.34
-19.34
-19.35
-18.96
-18.61
-18.77
-18.93
-20.59
-19.5
-19.35
-19.42
-18.56
-18.49
-19.97
-19.49
-20.69
-20.18
-18.49
-19.4
-19.29
-20.22
-20.88
-19.19
-18.92
-19.37
-19.28
-19.49
-19.57
-18.63
-18.61
-19.01
-18.36
-18.21
-19.36
-18.62
-19.76
-18.7
-18.26
-19.25
-16.91
-19.5
-19.73
-20.15
-19.24
-18.63
-19.43
-19.32
-18.54
-19.43
-18.73
-18.9
-19.03
-18.96
-21.05
-17.59
-18.58
-17.74
-20.13
-18.62
-19.08
-18.33
-18.21
-18.92
-18.16
-18.0
-18.13
-20.23
-18.21
-18.15
-19.68
-18.59
-18.53
-19.76
-18.39
-18.92
-19.5
-18.28
-17.76
-17.74
-18.7
-19.33
-19.84
-19.11
-18.58
-17.49
-18.77
-18.89
-17.2
-17.68
-17.43
-18.58
-17.8
-19.46
-18.14
-17.52
-17.35
-18.55
-18.36
-18.4
-20.15
-18.61
-18.05
-18.16
-18.17
-17.03
-18.0
-17.1
-17.33
-18.66
-17.39
-18.83
-18.22
-18.31
-17.02
-17.54
-17.92
-17.64
-18.91
-18.91
-18.81
-18.41
-17.43
-17.73
-18.91
-17.53
-18.17
-18.66
-17.27
-18.65
-18.77
-18.54
-19.29
-18.18
-17.74
-17.47
-17.75
-17.11
-17.7
-18.05
-18.15
-17.83
-18.49
-17.69
-17.17
-18.1
-17.83
-19.63
-18.34
-18.21
-17.7
-17.94
-18.19
-18.18
-19.51
-17.44
-18.76
-17.32
-18.58
-17.67
-18.68
-17.66
-19.51
-18.56
-17.88
-18.71
-16.81
-20.28
-18.04
-18.18
-18.08
-18.12
-18.28
-18.58
-19.14
-17.82
-18.5
-18.15
-17.83
-18.2
-18.18
-18.46
-19.32
-18.63
-18.46
-20.27
-18.87
-17.26
-18.55
-19.81
-18.18
-18.8
-20.18
-19.08
-18.49
-19.91
-18.53
-18.9
-18.92
-19.78
-19.56
-19.11
-19.51
-18.53
-18.48
-18.14
-19.39
-20.3
-17.89
-19.27
-19.6
-17.96
-19.16
-17.99
-17.7
-18.14
-18.28
-20.41
-19.28
-20.96
-19.53
-18.57
-18.94
-17.78
-18.08
-18.88
-19.91
-19.07
-18.71
-21.83
-18.17
-18.32
-19.42
-17.95
-18.47
-18.05
-18.3
-19.42
-19.96
-19.92
-18.78
-17.96
-18.79
-18.94
-17.76
-17.76
-17.47
-18.88
-17.9
-18.28
-19.34
-17.92
-18.29
-18.52
-19.14
-19.31
-20.75
-18.7
-18.81
-19.52
-17.34
-18.32
-19.09
-18.33
-18.36
-19.3
-17.86
-18.8
-18.23
-18.74
-18.67
-17.98
-18.17
-19.35
-19.16
-18.5
-18.74
-19.82
-19.09
-19.5
-19.23
-18.31
-18.99
-18.72
-19.45
-18.3
-19.89
-18.73
-18.95
-20.7
-18.37
-19.37
-17.98
-18.51
-18.52
-18.69
-19.06
-19.14
-19.91
-18.45
-18.56
-19.04
-18.65
-18.64
-19.66
-18.99
-18.34
-19.56
-19.5
-19.1
-18.65
-18.28
-20.27
-18.83
-18.36
-19.85
-20.12
-19.17
-18.78
-18.59
-19.57
-18.38
-19.03
-18.41
-18.91
-18.86
-18.87
-18.75
-19.24
-20.28
-18.91
-22.59
-19.28
-19.47
-20.16
-18.76
-18.93
-18.82
-18.68
-19.62
-19.89
-19.47
-20.56
-18.82
-18.94
-19.24
-18.73
-18.96
-19.03
-22.0
-19.69
-21.51
-20.63
-18.92
-19.56
-18.78
-21.35
-18.09
-20.49
-20.86
-18.67
-18.75
-19.17
-18.99
-19.1
-18.26
-19.27
-18.64
-20.48
-19.91
-18.71
-20.83
-20.16
-19.27
-18.45
-20.86
-20.16
-18.73
-19.13
-19.17
-21.09
-19.79
-19.73
-20.44
-19.86
-18.54
-20.14
-18.73
-19.95
-19.82
-19.52
-19.41
-19.3
-19.95
-19.17
-20.0
-19.65
-19.27
-18.68
-21.38
-18.51
-19.33
-18.57
-19.1
-20.32
-18.61
-18.69
-19.02
-19.44
-19.04
-19.64
-19.22
-19.32
-19.67
-19.48
-20.03
-20.24
-19.92
-18.99
-18.96
-18.31
-21.33
-19.01
-19.76
-19.44
-18.37
-19.66
-20.34
-18.42
-18.84
-18.74
-19.15
-20.15
-19.82
-19.21
-19.92
-19.1
-18.89
-18.23
-19.15
-18.87
-18.87
-19.09
-19.04
-26.63
-18.82
-20.59
-18.8
-20.59
-21.77
-19.3
-18.43
-19.27
-18.5
-19.02
-18.04
-18.97
-19.24
-20.3
-19.74
-18.89
-18.16
-18.69
-18.13
-17.98
-18.87
-18.64
-18.46
-18.32
-18.12
-19.18
-18.56
-19.2
-21.83
-19.54
-19.38
-19.16
-20.18
-19.78
-19.1
-18.4
-19.28
-19.31
-19.0
-20.44
-21.13
-19.27
-19.62
-19.28
-20.6
-21.42
-19.76
-19.01
-19.91
-19.88
-19.15
-19.76
-18.65
-20.08
-21.6
-18.61
-19.89
-18.77
-18.22
-17.54
-19.45
-19.76
-20.07
-19.69
-18.56
-18.78
-19.1
-19.14
-19.49
-19.43
-19.94
-19.22
-19.84
-19.21
-18.75
-20.36
-17.75
-19.04
-18.95
-19.84
-18.26
-18.65
-18.9
-18.9
-18.38
-19.18
-19.06
-18.15
-17.58
-18.11
-19.83
-20.26
-18.19
-19.55
-18.91
-19.49
-19.47
-17.62
-18.43
-18.64
-18.46
-17.71
-18.69
-18.18
-19.11
-17.77
-18.16
-17.87
-20.12
-17.48
-17.87
-17.85
-17.79
-17.82
-17.18
-18.59
-17.85
-17.71
-19.78
-17.87
-18.9
-18.91
-18.48
-17.99
-19.3
-19.84
-19.18
-18.43
-18.03
-18.74
-19.06
-17.68
-20.94
-19.02
-18.52
-19.56
-18.76
-18.92
-18.09
-18.01
-19.84
-19.27
-17.7
-18.51
-18.51
-18.33
-18.69
-19.02
-17.79
-18.98
-18.64
-18.84
-20.8
-19.51
-19.49
-18.02
-19.29
-20.94
-18.7
-19.3
-17.81
-19.2
-19.16
-21.47
-19.43
-17.9
-20.14
-19.49
-18.92
-19.79
-17.73
-19.72
-18.68
-19.89
-19.06
-19.95
-18.86
-18.27
-19.54
-19.09
-19.13
-17.95
-18.32
-19.38
-20.41
-19.62
-19.03
-19.66
-18.55
-19.19
-19.0
-19.23
-19.31
-18.06
-19.45
-18.95
-18.81
-20.11
-18.66
-17.86
-19.38
-20.02
-18.75
-20.03
-19.02
-20.09
-19.88
-18.99
-19.84
-19.16
-19.75
-18.21
-18.97
-18.82
-20.43
-21.33
-20.54
-19.18
-19.48
-18.38
-19.52
-19.13
-17.9
-19.36
-20.02
-18.91
-17.87
-18.67
-18.13
-19.32
-19.49
-20.01
-19.15
-19.68
-19.84
-19.97
-18.64
-19.16
-18.67
-20.16
-19.97
-18.61
-18.57
-19.09
-19.49
-19.65
-18.7
-20.17
-20.92
-19.8
-20.42
-19.08
-18.46
-19.3
-19.1
-20.61
-17.68
-18.3
-19.96
-18.23
-20.02
-20.21
-19.44
-19.31
-18.35
-19.74
-20.57
-19.9
-18.74
-19.23
-18.41
-20.77
-19.08
-18.85
-17.81
-18.14
-17.94
-19.89
-19.88
-17.69
-19.83
-18.23
-18.82
-19.81
-18.81
-20.58
-18.11
-18.64
-18.52
-18.48
-21.75
-17.91
-21.31
-19.43
-19.55
-19.7
-19.3
-18.46
-18.04
-18.12
-19.54
-19.09
-19.13
-19.14
-18.74
-18.47
-20.65
-17.9
-19.4
-19.03
-18.95
-16.97
-19.53
-18.35
-18.42
-18.69
-20.56
-20.72
-18.86
-19.38
-19.89
-18.72
-20.06
-18.29
-18.26
-19.68
-19.67
-20.23
-18.59
-18.59
-20.81
-20.82
-21.31
-20.07
-19.15
-21.09
-20.4
-18.9
-18.32
-20.98
-19.15
-18.46
-20.4
-18.71
-18.27
-17.91
-17.87
-20.17
-19.12
-17.42
-18.67
-18.87
-18.35
-17.97
-20.67
-17.71
-17.73
-19.85
-19.14
-17.74
-18.18
-18.64
-18.21
-18.81
-19.51
-22.62
-18.39
-18.61
-18.96
-20.09
-18.54
-17.74
-19.23
-18.24
-19.54
-19.86
-19.18
-18.92
-19.65
-20.41
-20.23
-20.62
-18.41
-18.79
-17.45
-16.91
-18.0
-19.72
-19.4
-18.23
-18.55
-19.53
-20.5
-19.48
-17.25
-18.39
-19.25
-18.76
-20.96
-18.0
-19.21
-19.72
-18.39
-18.14
-17.18
-18.27
-19.7
-20.21
-20.31
-19.1
-19.87
-18.97
-18.13
-17.72
-17.82
-17.96
-18.41
-18.65
-18.98
-18.03
-18.53
-18.67
-18.17
-20.68
-18.72
-18.95
-19.23
-18.57
-19.09
-16.78
-18.09
-19.42
-17.17
-17.86
-20.17
-17.54
-18.92
-18.83
-18.73
-18.1
-17.54
-18.91
-18.17
-17.27
-18.53
-17.44
-18.79
-17.89
-18.94
-18.74
-20.06
-19.44
-20.08
-17.99
-22.74
-18.79
-19.87
-18.47
-18.83
-19.8
-17.37
-20.31
-18.25
-19.49
-18.66
-18.1
-18.44
-20.05
-17.54
-18.69
-18.72
-17.81
-19.53
-17.66
-20.08
-18.61
-18.94
-18.4
-18.92
-18.27
-19.21
-17.7
-18.91
-17.14
-18.1
-19.34
-19.32
-18.54
-16.99
-19.62
-17.55
-20.41
-18.77
-18.4
-18.17
-18.32
-19.57
-18.87
-18.7
-18.47
-17.63
-18.54
-18.41
-18.88
-17.89
-18.56
-18.74
-18.69
-18.19
-18.56
-18.67
-19.34
-19.78
-19.12
-19.19
-17.69
-17.08
-17.42
-18.5
-18.58
-17.32
-18.32
-18.34
-18.66
-18.63
-18.22
-18.26
-18.85
-20.17
-18.43
-17.65
-18.86
-18.28
-18.14
-17.78
-18.38
-18.29
-18.14
-19.42
-18.68
-19.94
-18.42
-18.95
-20.97
-19.05
-18.29
-18.94
-19.65
-17.22
-18.35
-17.43
-18.83
-19.76
-20.6
-19.31
-18.67
-17.91
-18.5
-18.11
-19.71
-17.4
-18.75
-19.48
-18.54
-18.42
-18.11
-17.96
-19.49
-18.79
-17.83
-18.88
-19.36
-17.99
-19.03
-18.05
-17.76
-17.55
-18.59
-18.71
-18.8
-18.7
-16.68
-18.35
-18.19
-16.74
-18.66
-19.49
-17.61
-17.87
-17.78
-18.55
-18.48
-18.39
-18.47
-18.46
-18.94
-19.9
-18.24
-19.14
-17.92
-17.91
-18.45
-18.13
-19.26
-18.0
-18.43
-18.67
-18.05
-18.88
-17.47
-21.02
-19.29
-18.1
-17.77
-18.83
-19.39
-19.34
-17.82
-16.72
-18.58
-18.28
-17.75
-17.5
-18.09
-18.39
-18.78
-19.09
-19.24
-17.88
-18.45
-17.55
-20.07
-18.19
-19.45
-17.9
-19.74
-18.72
-19.07
-18.07
-18.54
-18.84
-18.56
-17.74
-19.13
-17.67
-21.09
-17.98
-17.84
-17.77
-19.39
-18.41
-19.89
-19.5
-17.73
-18.93
-19.05
-17.42
-17.82
-17.51
-18.31
-20.6
-18.1
-18.19
-18.95
-18.94
-18.79
-19.29
-19.33
-17.89
-17.3
-19.12
-17.86
-19.2
-19.15
-18.44
-17.73
-18.34
-20.24
-18.82
-17.75
-20.03
-19.67
-18.37
-17.31
-18.62
-19.48
-18.35
-18.78
-20.02
-18.36
-17.55
-21.2
-19.29
-19.69
-18.53
-19.66
-17.7
-19.18
-18.74
-18.56
-19.81
-19.35
-19.21
-19.76
-17.82
-18.56
-18.3
-18.63
-18.37
-20.37
-19.57
-18.25
-19.03
-19.37
-18.9
-21.76
-19.86
-18.92
-18.24
-17.98
-19.24
-18.02
-17.94
-17.38
-18.91
-18.08
-18.42
-18.2
-18.49
-19.0
-18.61
-16.83
-17.26
-17.96
-18.44
-17.77
-18.31
-18.28
-18.07
-18.78
-17.24
-19.15
-18.27
-18.88
-18.9
-18.4
-17.56
-18.74
-18.75
-18.91
-17.91
-18.76
-18.57
-18.03
-19.85
-17.65
-18.32
-18.54
-20.12
-17.73
-18.93
-17.91
-18.85
-17.59
-17.63
-16.6
-17.8
-18.0
-17.76
-18.52
-19.51
-18.98
-17.21
-17.58
-19.2
-17.87
-17.93
-20.65
-17.67
-19.19
-18.45
-17.33
-18.95
-18.82
-18.26
-18.22
-18.65
-17.8
-16.99
-17.46
-17.34
-18.46
-18.5
-19.48
-18.46
-18.07
-19.05
-18.88
-20.73
-17.32
-19.22
-18.04
-17.47
-19.11
-18.39
-19.04
-17.91
-18.07
-17.83
-18.08
-18.54
iteration 4
-206.79
-302.32
-293.57
-343.23
-322.78
-300.67
-352.11
-348.37
-336.2
-333.04
-324.09
-294.81
-354.68
-352.28
-294.22
-374.48
-269.26
-99.22
-145.46
-154.59
-72.91
-150.5
-211.47
-156.99
-129.35
-105.87
-111.03
-136.34
-55.97
-50.71
-58.55
-41.77
-42.46
-38.93
-35.24
-37.49
-32.75
-36.28
-40.89
-41.73
-30.5
-32.03
-38.16
-30.78
-29.74
-30.33
-30.34
-29.29
-27.95
-27.65
-24.9
-27.03
-27.86
-31.2
-25.98
-26.84
-25.95
-24.17
-30.16
-26.17
-26.13
-24.72
-27.03
-26.38
-25.23
-24.76
-21.77
-23.73
-25.52
-24.75
-23.08
-24.06
-23.03
-22.81
-30.01
-35.26
-23.11
-24.18
-28.31
-21.9
-24.18
-21.64
-25.11
-24.52
-27.62
-24.64
-25.61
-21.41
-23.2
-27.04
-29.5
-28.39
-24.66
-24.81
-21.5
-24.29
-26.16
-26.55
-29.4
-24.94
-28.52
-25.74
-23.05
-27.63
-28.7
-24.5
-25.0
-25.26
-23.79
-27.5
-22.81
-26.28
-24.11
-29.18
-27.5
-23.21
-23.09
-32.32
-24.61
-20.82
-30.32
-24.72
-24.2
-25.6
-24.76
-27.37
-33.17
-26.9
-26.77
-28.19
-30.18
-26.58
-29.48
-27.5
-34.77
-23.27
-26.33
-26.22
-24.46
-31.94
-23.77
-27.77
-28.03
-24.99
-28.13
-32.28
-31.04
-27.22
-26.6
-29.05
-26.15
-24.57
-28.02
-30.62
-26.41
-25.99
-29.24
-23.99
-25.19
-27.75
-26.33
-32.19
-25.61
-26.95
-28.1
-24.39
-34.39
-24.39
-28.59
-23.79
-31.38
-23.07
-26.87
-22.47
-31.24
-30.6
-28.71
-24.26
-28.97
-26.18
-21.55
-23.89
-27.58
-26.0
-35.01
-24.49
-24.54
-23.0
-22.6
-28.86
-28.87
-31.68
-29.76
-23.98
-29.03
-26.71
-25.88
-29.24
-38.54
-24.35
-25.42
-22.72
-29.43
-29.58
-31.05
-22.42
-22.59
-24.86
-29.65
-24.1
-24.88
-31.15
-27.4
-30.26
-22.48
-22.16
-21.9
-24.78
-27.86
-19.95
-25.14
-23.89
-22.51
-27.91
-24.9
-22.54
-24.58
-25.13
-19.98
-31.61
-21.19
-24.96
-22.87
-22.55
-24.72
-24.81
-23.29
-24.06
-21.89
-21.7
-22.4
-23.48
-26.32
-22.11
-21.26
-23.16
-22.83
-21.51
-20.22
-23.94
-20.11
-21.18
-20.24
-18.76
-23.86
-18.9
-20.56
-21.85
-20.37
-25.22
-20.39
-20.85
-19.44
-22.61
-20.39
-19.4
-20.63
-21.67
-22.82
-20.63
-20.98
-23.72
-19.83
-20.89
-21.8
-19.58
-20.21
-19.49
-19.92
-19.16
-22.93
-20.67
-21.53
-18.85
-20.0
-20.88
-19.23
-19.19
-20.59
-21.47
-19.52
-18.36
-19.31
-21.76
-17.53
-19.28
-19.31
-19.18
-20.21
-20.24
-18.75
-20.59
-19.61
-18.56
-18.97
-20.28
-19.51
-18.23
-21.43
-20.44
-22.03
-19.51
-19.19
-19.27
-21.18
-21.11
-21.33
-18.54
-19.16
-21.31
-18.55
-18.45
-19.25
-18.36
-18.2
-17.9
-19.19
-20.68
-20.8
-19.2
-18.18
-20.19
-19.11
-20.74
-19.39
-19.41
-19.59
-19.64
-18.27
-28.01
-18.85
-21.01
-19.61
-18.48
-19.76
-17.86
-19.27
-19.29
-21.65
-18.54
-17.66
-19.81
-20.09
-18.75
-18.91
-19.56
-19.09
-20.97
-21.12
-19.36
-19.53
-19.68
-19.04
-19.79
-18.32
-18.03
-19.35
-18.11
-18.55
-18.79
-18.61
-19.31
-18.5
-19.66
-18.68
-18.18
-19.62
-19.23
-18.33
-20.65
-19.15
-18.64
-19.8
-19.05
-19.43
-20.46
-20.28
-18.81
-22.1
-17.9
-18.47
-20.43
-20.03
-18.3
-18.6
-19.5
-19.01
-18.54
-19.13
-19.01
-19.11
-17.3
-17.82
-17.96
-19.36
-17.87
-18.88
-20.64
-18.86
-18.99
-18.36
-18.24
-17.81
-18.64
-17.98
-17.56
-18.67
-17.85
-18.17
-18.27
-18.48
-18.31
-18.29
-17.99
-20.01
-17.47
-17.7
-17.55
-19.74
-19.54
-18.58
-18.22
-17.7
-18.0
-18.94
-19.36
-18.04
-21.45
-18.6
-18.05
-19.38
-17.88
-18.33
-18.87
-18.41
-18.25
-19.69
-17.78
-18.9
-19.41
-18.14
-18.72
-19.08
-18.56
-17.38
-18.91
-18.28
-19.6
-18.8
-19.3
-18.6
-19.28
-18.43
-18.82
-17.45
-18.46
-18.39
-19.29
-17.84
-18.59
-18.03
-17.94
-18.22
-18.5
-18.96
-18.26
-18.95
-18.47
-19.49
-18.48
-18.89
-19.09
-17.62
-17.67
-19.32
-18.9
-19.96
-19.09
-18.53
-20.38
-18.1
-18.03
-18.9
-18.34
-18.68
-19.42
-18.52
-18.83
-18.68
-19.38
-18.89
-18.24
-18.63
-19.9
-18.82
-19.95
-19.72
-19.05
-17.37
-20.37
-19.45
-17.55
-18.69
-19.38
-18.86
-18.42
-18.28
-18.31
-17.35
-18.71
-18.83
-17.95
-19.18
-19.32
-17.95
-19.28
-20.61
-18.01
-19.45
-18.58
-19.26
-18.2
-19.0
-19.04
-18.38
-19.49
-20.96
-19.56
-20.69
-21.75
-19.49
-18.39
-21.14
-18.36
-18.41
-17.76
-18.71
-20.08
-17.94
-17.3
-17.71
-19.18
-17.87
-19.0
-18.41
-17.86
-20.17
-18.07
-19.46
-18.79
-19.49
-20.82
-18.13
-18.95
-18.06
-18.99
-18.63
-17.54
-20.1
-19.2
-19.5
-19.02
-18.83
-18.57
-18.46
-19.06
-19.3
-17.73
-18.68
-19.05
-20.25
-19.25
-20.25
-19.49
-19.54
-18.39
-19.78
-18.65
-19.17
-18.33
-18.37
-18.17
-17.97
-18.77
-18.87
-17.41
-17.62
-18.99
-17.04
-20.18
-19.26
-18.38
-18.84
-19.68
-18.86
-18.82
-19.18
-18.51
-19.2
-19.02
-18.98
-19.98
-18.73
-19.2
-18.53
-20.66
-19.17
-19.36
-20.24
-19.2
-19.12
-18.87
-19.79
-19.16
-20.2
-19.88
-20.94
-19.33
-21.62
-20.7
-20.47
-21.37
-22.05
-20.6
-19.85
-19.66
-19.51
-20.48
-20.61
-21.71
-20.56
-20.83
-19.78
-19.79
-19.87
-21.05
-20.54
-20.94
-20.34
-19.94
-18.92
-19.92
-20.04
-20.39
-20.11
-18.95
-19.65
-19.0
-20.96
-19.3
-21.06
-19.29
-18.37
-20.02
-19.34
-19.19
-19.57
-17.67
-18.82
-19.5
-19.52
-18.91
-18.27
-18.7
-18.04
-19.07
-18.87
-20.35
-19.52
-18.03
-18.48
-20.3
-19.73
-18.06
-18.19
-18.5
-18.76
-19.39
-18.08
-18.66
-17.93
-18.54
-19.59
-19.2
-19.78
-18.69
-18.75
-18.52
-17.96
-17.74
-19.59
-18.39
-18.27
-17.99
-18.6
-18.28
-18.8
-18.33
-19.44
-19.07
-18.09
-19.4
-18.29
-18.8
-19.2
-17.58
-19.25
-18.3
-19.04
-17.5
-18.09
-18.59
-18.23
-19.72
-18.91
-20.65
-21.0
-17.9
-19.4
-19.41
-18.73
-18.75
-17.92
-18.14
-19.98
-18.5
-18.07
-18.01
-19.44
-20.37
-18.69
-18.47
-19.7
-19.54
-17.49
-19.41
-18.54
-18.67
-18.43
-18.52
-19.4
-19.07
-18.71
-17.32
-19.47
-18.11
-17.74
-19.4
-17.56
-20.09
-19.56
-18.68
-18.84
-19.2
-17.91
-18.57
-18.59
-18.14
-18.59
-19.39
-18.67
-17.99
-18.48
-18.53
-19.93
-17.84
-17.85
-20.19
-17.98
-19.56
-18.96
-20.86
-17.75
-18.71
-19.41
-17.66
-18.91
-18.74
-20.1
-18.41
-17.79
-18.21
-18.84
-17.62
-20.44
-19.38
-17.65
-19.23
-19.02
-18.65
-18.58
-18.11
-17.95
-19.12
-19.85
-18.33
-19.74
-16.82
-19.8
-18.78
-18.06
-18.87
-20.8
-19.59
-18.6
-18.49
-18.54
-18.66
-19.83
-17.96
-19.07
-19.15
-17.77
-19.9
-17.81
-19.21
-19.24
-17.3
-17.71
-20.03
-18.94
-18.23
-18.05
-18.85
-17.9
-17.93
-19.65
-18.15
-17.35
-18.57
-18.52
-18.54
-17.69
-19.94
-18.1
-20.22
-18.17
-17.97
-19.11
-18.65
-17.73
-18.58
-19.26
-20.78
-18.03
-19.85
-18.4
-19.29
-18.13
-18.48
-18.7
-19.5
-18.17
-18.61
-18.09
-16.81
-19.9
-18.38
-18.21
-18.06
-18.64
-18.02
-18.6
-17.32
-18.98
-20.0
-20.17
-17.67
-18.13
-18.94
-18.86
-18.8
-17.89
-18.49
-18.01
-19.31
-18.49
-17.83
-19.64
-19.31
-19.42
-18.61
-17.22
-17.14
-18.94
-19.88
-18.92
-17.84
-20.56
-18.57
-18.87
-18.31
-19.43
-18.88
-17.7
-17.59
-18.05
-18.08
-18.7
-19.12
-18.54
-18.27
-18.26
-18.39
-18.77
-18.77
-17.68
-17.18
-18.43
-19.78
-18.92
-18.65
-18.45
-18.51
-17.95
-17.78
-19.31
-18.3
-17.12
-18.4
-17.08
-19.27
-19.88
-18.17
-18.22
-17.84
-18.22
-18.2
-18.15
-19.14
-17.82
-17.64
-20.01
-18.64
-18.77
-17.53
-17.82
-17.73
-18.22
-17.27
-17.12
-18.29
-18.33
-19.04
-17.63
-17.97
-18.36
-17.5
-17.68
-17.46
-18.08
-17.86
-17.49
-18.01
-17.25
-18.26
-18.1
-18.02
-18.45
-19.65
-17.96
-20.03
-17.63
-17.63
-19.05
-18.41
-18.06
-17.08
-18.08
-18.22
-18.16
-18.31
-18.85
-19.17
-18.42
-18.08
-18.97
-18.07
-17.82
-18.36
-18.68
-17.72
-17.99
-18.32
-17.77
-18.49
-19.29
-18.15
-19.04
-17.21
-17.63
-18.32
-20.54
-18.72
-18.88
-18.92
-17.57
-17.11
-18.13
-18.15
-18.43
-17.98
-18.52
-19.49
-18.92
-18.47
-18.75
-17.72
-18.75
-18.51
-18.31
-19.59
-19.05
-17.75
-19.05
-19.37
-18.23
-17.69
-17.68
-18.06
-18.13
-18.93
-17.82
-17.82
-19.94
-17.83
-18.45
-18.95
-19.0
-17.74
-18.45
-18.52
-19.16
-16.69
-17.95
-19.66
-18.65
-18.82
-17.87
-19.08
-17.07
-17.37
-17.79
-17.42
-17.73
-17.55
-18.42
-17.44
-17.72
-17.94
-19.77
-17.72
-18.88
-18.73
-18.33
-18.07
-18.45
-19.23
-18.41
-17.99
-17.67
-19.22
-17.52
-18.56
-19.17
-20.07
-19.03
-18.28
-19.18
-19.84
-18.68
-18.77
-20.09
-19.41
-20.05
-19.83
-19.11
-18.98
-19.9
-20.55
-20.24
-18.33
-20.04
-20.54
-19.06
-17.72
-18.98
-20.23
-19.47
-20.35
-19.7
-19.85
-18.81
-19.15
-18.95
-19.44
-19.65
-17.52
-18.83
-19.61
-18.91
-19.52
-19.45
-18.89
-17.72
-19.72
-18.16
-18.4
-18.38
-18.63
-18.56
-18.99
-19.59
-19.61
-18.72
-17.91
-19.05
-17.88
-18.9
-18.32
-18.4
-18.99
-17.15
-19.21
-18.37
-18.29
-18.99
-19.23
-18.91
-17.94
-17.98
-18.78
-18.51
-17.42
-19.24
-18.92
-17.96
-18.18
-17.18
-18.53
-17.73
-18.63
-18.57
-18.47
-19.58
-18.11
-18.96
-17.86
-18.75
-19.21
-17.81
-19.11
-18.71
-18.78
-18.5
-18.86
-18.62
-17.61
-19.01
-18.22
-17.56
-18.57
-17.6
-18.44
-17.29
-18.48
-18.17
-19.09
-19.79
-18.53
-18.74
-19.5
-17.7
-18.49
-18.76
-18.39
-18.48
-17.8
-18.66
-18.24
-18.42
-17.5
-18.61
-17.71
-18.39
-18.51
-17.79
-19.31
-18.01
-18.76
-18.44
-18.9
-18.7
-19.01
-17.4
-17.75
-17.06
-18.89
-17.03
-17.15
-17.01
-18.33
-19.05
-18.16
-18.35
-19.04
-18.12
-18.53
-18.39
-19.32
-18.53
-19.31
-19.74
-18.48
-17.57
-18.37
-18.15
-19.77
-17.76
-18.56
-18.17
-17.83
-18.11
-18.64
-19.57
-17.97
-17.89
-17.74
-18.22
-18.01
-17.64
-17.26
-18.04
-18.89
-18.27
-18.32
-18.35
-18.55
-20.03
-18.92
-17.4
-18.12
-18.41
-17.86
-19.44
-18.73
-17.36
-18.53
-18.54
-17.87
-19.14
-18.35
-19.42
-20.42
-17.77
-17.82
-18.8
-17.83
-18.98
-17.8
-18.43
-17.96
-18.6
-18.04
-16.91
-18.06
-17.42
-17.85
-18.04
-17.64
-18.34
-17.76
-18.35
-18.11
-19.35
-18.16
-17.24
-18.14
-17.78
-17.84
-17.89
-18.38
-18.57
-18.12
-16.86
-19.09
-17.39
-18.48
-18.6
-18.23
-19.09
-18.03
-17.19
-18.52
-18.99
-18.82
-19.25
-18.67
-19.01
-19.06
-18.06
-18.29
-18.22
-18.22
-18.0
-18.24
-19.62
-18.31
-18.84
-19.37
-18.35
-18.27
-18.33
-17.75
-18.61
-18.36
-18.93
-18.7
-18.05
-17.7
-18.56
-17.2
-18.5
-19.17
-18.69
-18.23
-18.91
-17.69
-19.34
-17.87
-18.06
-17.78
-18.19
-18.35
-17.31
-18.9
-18.69
-19.06
-18.44
-18.25
-19.53
-18.94
-18.39
-17.28
-18.31
-19.33
-19.62
-20.6
-20.19
-19.11
-17.29
-19.09
-17.7
-18.94
-18.3
-19.52
-18.03
-17.96
-17.53
-20.26
-17.7
-17.16
-18.5
-18.37
-18.17
-18.63
-17.63
-18.57
-18.02
-19.18
-17.44
-18.98
-18.89
-17.3
-19.12
-18.2
-17.27
-19.8
-18.71
-19.82
-17.84
-18.11
-19.74
-18.65
-18.36
-17.81
-17.83
-19.5
-18.89
-18.16
-18.66
-19.9
-17.88
-17.65
-18.4
-17.55
-18.62
-18.85
-19.02
-17.94
-17.61
-19.01
-18.71
-17.59
-16.92
-18.34
-18.81
-18.3
-18.24
-18.33
-21.18
-18.66
-18.12
-18.64
-17.33
-17.9
-17.8
-18.16
-20.01
-17.95
-18.06
-17.59
-18.15
-18.35
-19.16
-18.91
-18.31
-18.52
-18.97
-17.76
-19.56
-18.29
-17.62
-17.26
-19.88
-19.13
-19.46
-18.23
-18.29
-19.57
-18.53
-18.85
-17.91
-18.91
-18.25
-17.79
-18.56
-18.65
-18.12
-18.65
-19.6
-19.88
-17.51
-20.24
-18.26
-18.23
-18.05
-20.17
-17.01
-19.42
-18.5
-19.44
-21.39
-18.92
-17.71
-19.34
-18.46
-18.57
-18.74
-18.33
-17.43
-17.49
-17.93
-18.15
-18.2
-18.55
-17.51
-18.1
-17.48
-19.13
-19.41
-18.69
-18.18
-20.49
-18.13
-17.78
-18.1
-18.05
-17.45
-17.23
-17.92
-17.5
-17.46
-19.76
-18.47
-17.9
-17.73
-17.28
-18.19
-18.88
-17.11
-17.5
-18.17
-18.84
-18.58
-19.85
-17.76
-17.15
-18.79
-17.84
-17.78
-19.39
-17.51
-17.5
-17.84
-18.98
-18.18
-17.87
-18.14
-17.59
-17.71
-18.94
-17.57
-18.95
-18.36
-18.87
-19.08
-19.17
-18.11
-18.36
-17.56
-18.63
-18.07
-17.33
-17.48
-17.88
-17.75
-17.95
-17.89
-16.86
-18.27
-17.04
-17.51
-17.31
-18.51
-18.51
-17.71
-19.54
-18.27
-18.31
-18.49
-16.89
-17.19
-18.34
-19.11
-18.4
-19.37
-17.8
-16.77
-18.9
-18.86
-17.78
-17.34
-19.34
-18.03
-17.99
-18.73
-19.19
-17.42
-18.67
-19.06
-19.79
-20.63
-20.04
-17.94
-17.92
-17.8
-18.0
-17.13
-18.68
-18.24
-18.18
-17.92
-17.29
-18.7
-18.32
-18.57
-17.55
-18.42
-17.95
-18.36
-17.5
-18.5
-18.04
-19.04
-18.25
-18.51
-17.17
-17.97
-19.34
-19.21
-18.49
-18.25
-18.12
-17.99
-19.15
-18.53
-18.42
-18.07
-17.14
-18.19
-19.17
-18.17
-17.94
-18.49
-16.66
-16.89
-18.86
-18.69
-19.02
-17.9
-18.67
-18.3
-17.3
-18.22
-17.08
-18.34
-18.25
-17.26
-17.77
-17.21
-18.3
-17.56
-18.7
-18.48
-18.35
-18.14
-18.4
-17.91
-17.76
-17.86
-18.45
-19.01
-18.29
-19.39
-20.02
-19.06
-18.88
-18.9
-18.96
-19.56
-18.78
-18.49
-18.19
-18.56
-18.72
-19.09
-18.89
-17.82
-18.01
-18.98
-18.31
-18.52
-17.79
-18.31
-18.09
-18.65
-20.31
-19.49
-18.32
-18.73
-18.33
-16.11
-18.46
-17.66
-17.96
-17.72
-18.88
-18.51
-18.56
-18.09
-18.41
-17.77
-18.4
-18.13
-18.03
-18.21
-17.15
-17.22
-19.0
-17.7
-20.01
-18.45
-18.22
-17.55
-17.81
-20.19
-18.14
-18.7
-18.02
-18.32
-18.4
-18.93
-18.28
-18.46
-17.57
-18.11
-18.47
-17.47
-19.07
-18.0
-19.93
-17.47
-17.44
-19.68
-18.28
-17.74
-19.26
-17.92
-18.43
-18.55
-17.12
-19.03
-18.7
-17.9
-18.14
-18.38
-18.19
-18.22
-19.76
-19.08
-18.6
-17.82
-19.22
-18.97
-18.77
-18.38
-18.83
-18.91
-17.53
-18.19
-19.55
-22.37
-20.52
-18.39
-17.81
-21.05
-19.62
-20.76
-19.74
-20.17
-19.2
-19.53
-21.71
-21.09
-19.89
-20.33
-19.97
-19.96
-20.7
-20.37
-19.38
-20.96
-21.07
-20.0
-20.02
-19.76
-19.5
-21.38
-20.72
-19.88
-18.9
-19.08
-20.04
-20.53
-21.17
-22.01
-20.96
-20.78
-19.91
-20.2
-19.71
-19.25
-19.8
-19.61
-20.3
-19.31
-20.38
-19.05
-19.45
-21.19
-19.11
-19.18
-21.11
-19.69
-21.25
-19.93
-20.49
-20.81
-19.18
-20.43
-20.01
-20.06
-20.52
-20.14
-20.04
-21.3
-20.47
-20.13
-19.73
-20.66
-18.77
-19.98
-20.59
-19.8
-18.98
-19.89
-21.03
-18.19
-19.19
-20.23
-20.64
-19.33
-20.99
-19.85
-19.74
-20.42
-19.24
-20.4
-20.36
-19.35
-20.64
-21.29
-18.28
-20.2
-19.35
-19.45
-19.82
-20.12
-21.27
-19.5
-19.4
-19.42
-19.78
-20.85
-20.72
-20.18
-20.37
-20.58
-19.84
-18.6
-20.53
-22.89
-21.57
-20.57
-19.64
-19.33
-19.99
-20.03
-19.7
-20.0
-18.93
-19.32
-19.51
-19.11
-19.07
-21.23
-20.39
-20.19
-18.67
-20.37
-18.73
-20.69
-20.9
-20.46
-22.21
-19.71
-23.17
-19.5
-19.39
-18.78
-19.78
-19.94
-19.58
-19.68
-20.34
-21.01
-19.61
-18.41
-18.88
-19.2
-21.28
-20.42
-19.53
-19.34
-20.69
-20.56
-20.08
-20.73
-19.83
-19.04
-19.92
-18.89
-18.71
-19.81
-20.59
-19.62
-19.23
-19.26
-20.08
-19.89
-20.19
-20.53
-19.25
-21.06
-19.13
-19.22
-19.55
-18.98
-20.23
-21.19
-19.59
-19.54
-20.97
-19.59
-20.74
-19.45
-20.42
-19.26
-18.31
-20.98
-20.89
-19.59
-20.15
-19.34
-19.22
-20.53
-19.96
-20.2
-19.31
-20.4
-21.36
-20.54
-19.9
-19.95
-19.65
-19.97
-18.63
-19.24
-19.81
-18.7
-20.72
-19.87
-19.27
-18.61
-18.32
-20.51
-19.76
-19.86
-18.42
-19.55
-20.89
-19.8
-19.73
-19.67
-21.26
-19.08
-20.83
-18.76
-18.36
-19.03
-18.77
-18.83
-19.35
-20.07
-19.05
-19.57
-19.38
-18.57
-19.52
iteration 5
-215.3
-320.41
-268.53
-226.97
-219.98
-220.49
-172.04
-213.2
-214.23
-209.62
-138.13
-100.72
-91.03
-125.56
-124.78
-170.31
-239.69
-199.0
-218.23
-213.92
-153.9
-196.2
-141.75
-149.74
-127.42
-159.91
-291.68
-168.32
-272.35
-213.45
-172.1
-259.18
-194.02
-154.62
-238.34
-185.41
-151.38
-163.13
-179.94
-191.75
-149.48
-139.95
-123.41
-116.95
-118.65
-117.23
-117.18
-102.87
-36.86
-83.47
-120.81
-61.84
-54.14
-95.5
-118.14
-117.63
-78.6
-108.22
-118.83
-120.07
-71.89
-119.73
-70.06
-63.86
-55.46
-77.42
-50.26
-119.33
-81.55
-96.91
-74.02
-120.31
-94.06
-73.16
-43.06
-78.63
-60.78
-96.9
-116.42
-115.78
-67.83
-75.68
-107.34
-114.76
-71.15
-119.34
-117.3
-117.35
-72.13
-90.34
-119.67
-48.2
-87.91
-119.94
-118.87
-48.85
-60.26
-114.59
-113.53
-118.36
-117.68
-83.94
-100.35
-116.81
-118.72
-116.43
-114.95
-116.35
-116.64
-116.57
-117.09
-104.55
-78.93
-115.92
-118.28
-93.99
-92.85
-118.48
-116.23
-116.89
-117.96
-117.42
-115.45
-117.43
-113.92
-63.34
-118.43
-100.75
-82.75
-118.67
-73.6
-74.19
-78.9
-77.3
-69.99
-118.94
-116.13
-115.18
-116.49
-68.26
-115.95
-115.65
-83.33
-100.65
-114.6
-115.52
-104.64
-77.03
-115.55
-68.85
-115.1
-67.0
-116.0
-111.07
-45.06
-105.05
-117.32
-115.85
-117.47
-114.45
-84.73
-66.59
-49.26
-112.94
-115.28
-84.05
-102.45
-117.33
-118.01
-115.45
-92.29
-89.91
-68.27
-115.78
-115.25
-116.23
-112.49
-48.64
-89.11
-114.53
-56.92
-66.04
-76.49
-51.67
-93.04
-101.92
-80.48
-67.28
-107.85
-48.3
-74.31
-118.04
-115.51
-114.64
-103.69
-45.28
-103.31
-115.83
-73.15
-108.41
-113.31
-114.1
-58.77
-98.67
-102.6
-76.97
-112.59
-58.55
-48.87
-97.94
-114.18
-63.29
-114.72
-112.78
-114.99
-113.16
-64.32
-113.01
-113.14
-72.73
-75.98
-51.43
-110.98
-114.14
-113.55
-115.84
-113.93
-112.92
-113.46
-115.86
-79.86
-99.47
-113.69
-114.6
-114.11
-89.76
-61.97
-114.39
-116.28
-63.49
-57.79
-109.05
-83.25
-97.33
-116.0
-115.3
-116.18
-94.41
-84.63
-67.5
-113.77
-114.7
-94.07
-52.61
-103.49
-116.41
-114.28
-113.57
-70.72
-68.55
-110.46
-115.41
-71.62
-109.85
-62.47
-109.71
-113.58
-113.81
-113.78
-47.24
-109.47
-66.45
-76.1
-52.24
-71.63
-115.83
-113.39
-66.89
-111.18
-53.94
-93.38
-115.91
-114.6
-112.87
-113.46
-113.6
-113.6
-71.9
-105.79
-114.66
-88.51
-89.34
-110.47
-66.38
-76.15
-102.57
-70.19
-107.79
-114.72
-114.54
-112.95
-113.77
-69.84
-90.11
-69.3
-66.46
-103.96
-113.3
-113.66
-98.2
-59.57
-80.25
-40.47
-99.1
-91.57
-52.4
-110.68
-113.92
-112.05
-112.6
-64.94
-111.24
-112.71
-111.99
-112.86
-108.27
-67.52
-69.09
-76.64
-94.99
-111.75
-95.09
-80.81
-114.07
-113.32
-66.95
-64.65
-109.54
-112.67
-62.41
-33.91
-90.83
-112.55
-66.98
-50.76
-103.31
-112.56
-113.68
-50.7
-79.62
-112.33
-113.83
-67.25
-110.73
-112.62
-66.73
-90.07
-84.98
-95.63
-80.18
-112.69
-84.36
-93.45
-63.82
-111.96
-112.89
-112.83
-106.35
-70.95
-113.8
-66.39
-111.45
-114.09
-113.04
-113.24
-64.89
-111.36
-63.98
-113.12
-113.2
-113.42
-113.19
-114.01
-113.5
-117.8
-112.99
-70.4
-75.61
-96.76
-111.99
-67.29
-114.32
-113.37
-115.35
-113.81
-114.76
-66.93
-111.94
-112.49
-43.88
-112.03
-75.76
-102.98
-103.15
-74.66
-57.54
-64.53
-74.21
-101.69
-114.38
-113.06
-70.46
-108.29
-113.51
-113.22
-114.72
-112.72
-113.24
-114.14
-106.87
-72.2
-50.45
-83.07
-80.86
-98.35
-113.58
-113.26
-113.75
-115.22
-82.34
-59.66
-112.56
-113.12
-66.53
-110.32
-67.4
-111.91
-74.86
-101.42
-97.17
-59.65
-86.22
-112.76
-113.79
-87.29
-91.4
-88.61
-62.37
-63.47
-80.93
-95.31
-113.43
-94.84
-40.3
-107.64
-112.58
-113.85
-65.8
-112.67
-115.79
-64.26
-65.2
-113.97
-115.25
-100.5
-77.96
-84.74
-61.04
-114.66
-113.25
-112.93
-113.13
-113.18
-112.98
-66.03
-113.3
-82.72
-59.82
-74.18
-87.66
-77.25
-70.29
-97.45
-84.25
-93.99
-115.42
-113.71
-112.84
-114.96
-65.51
-110.1
-80.9
-76.69
-68.35
-78.52
-98.11
-113.58
-112.98
-114.2
-63.08
-107.0
-68.3
-66.18
-111.96
-107.13
-69.43
-65.84
-114.48
-113.43
-113.3
-114.66
-112.93
-112.78
-114.57
-88.81
-88.8
-113.41
-115.07
-114.01
-54.54
-88.6
-114.32
-79.69
-97.43
-113.92
-113.04
-114.39
-113.59
-99.21
-77.77
-112.56
-114.15
-85.64
-93.16
-113.12
-114.26
-113.38
-85.06
-56.41
-112.98
-113.15
-113.1
-90.65
-87.27
-115.93
-67.91
-109.61
-113.29
-114.45
-113.47
-113.29
-63.95
-113.23
-113.32
-113.4
-47.77
-93.75
-114.2
-113.48
-113.51
-113.04
-114.02
-113.49
-113.81
-115.69
-116.08
-113.36
-113.66
-71.27
-107.06
-113.55
-66.75
-113.51
-114.4
-114.49
-114.6
-115.3
-112.93
-113.58
-65.09
-113.07
-114.84
-93.41
-50.84
-66.77
-113.6
-68.05
-95.53
-47.3
-86.36
-77.76
-100.92
-78.44
-113.42
-113.56
-116.69
-107.27
-66.1
-63.77
-43.19
-107.56
-114.28
-103.01
-51.68
-56.56
-98.96
-112.92
-112.64
-113.72
-113.56
-113.04
-112.89
-63.91
-56.82
-72.37
-72.12
-46.12
-74.2
-83.39
-56.97
-112.2
-63.44
-112.66
-112.22
-112.26
-74.17
-96.09
-60.59
-74.22
-114.04
-73.75
-61.53
-85.93
-43.03
-88.23
-113.66
-112.53
-114.75
-76.69
-79.12
-84.14
-112.96
-67.72
-67.15
-46.83
-30.96
-99.68
-78.47
-38.05
-55.48
-39.75
-102.2
-85.15
-35.85
-87.58
-69.59
-89.13
-35.87
-85.38
-63.16
-85.21
-45.61
-30.64
-46.48
-76.08
-77.79
-59.5
-57.75
-34.92
-42.0
-40.4
-81.15
-31.54
-36.1
-39.92
-56.27
-52.77
-39.49
-30.25
-38.72
-49.46
-60.07
-92.41
-62.54
-44.08
-32.53
-47.32
-41.64
-38.4
-33.49
-39.72
-42.32
-51.12
-27.25
-27.47
-33.61
-51.95
-48.03
-28.3
-36.78
-37.21
-40.88
-43.92
-94.95
-51.48
-40.6
-42.69
-37.72
-45.73
-29.69
-56.95
-23.3
-33.61
-65.9
-48.69
-53.54
-33.05
-94.77
-41.15
-27.47
-35.44
-44.39
-23.75
-39.49
-57.06
-30.03
-26.97
-96.47
-31.7
-68.13
-62.45
-31.99
-27.45
-46.85
-25.48
-25.25
-32.39
-27.04
-51.07
-40.92
-30.93
-34.17
-35.47
-32.22
-45.16
-54.56
-25.21
-26.23
-35.18
-34.61
-29.15
-26.52
-26.65
-27.79
-22.98
-23.13
-21.32
-23.11
-29.71
-25.66
-24.4
-23.29
-23.93
-28.13
-33.4
-43.43
-22.07
-24.35
-26.87
-26.95
-27.2
-24.48
-26.78
-28.65
-21.72
-22.63
-23.92
-26.05
-23.05
-25.93
-23.63
-34.85
-30.71
-27.81
-21.52
-23.51
-21.6
-25.11
-28.06
-23.49
-24.14
-25.13
-25.85
-27.01
-21.67
-29.79
-25.71
-26.2
-28.51
-31.77
-47.73
-22.17
-18.14
-29.26
-36.57
-23.46
-34.49
-30.39
-22.86
-24.75
-21.9
-23.82
-24.44
-24.93
-21.9
-27.89
-26.34
-25.18
-25.41
-22.22
-26.63
-21.03
-25.81
-21.05
-21.21
-23.86
-22.71
-30.72
-36.14
-21.98
-25.07
-24.34
-24.2
-24.03
-23.25
-22.25
-31.94
-27.98
-19.94
-19.75
-25.84
-23.35
-23.49
-20.56
-27.49
-23.28
-21.31
-26.13
-23.4
-23.11
-24.95
-32.16
-27.43
-35.98
-31.52
-23.36
-18.23
-30.07
-22.76
-25.89
-19.81
-23.69
-23.66
-26.51
-27.46
-22.15
-31.59
-29.13
-21.44
-24.66
-21.58
-26.19
-35.82
-25.98
-27.6
-25.84
-30.64
-22.04
-28.12
-25.53
-35.85
-37.16
-21.72
-23.0
-21.24
-27.8
-27.03
-20.65
-19.93
-29.65
-25.94
-23.11
-24.38
-20.36
-20.41
-22.27
-25.04
-22.8
-23.16
-21.74
-24.78
-27.36
-31.82
-23.44
-27.91
-25.48
-23.25
-23.18
-25.98
-21.44
-40.32
-22.74
-19.72
-24.54
-22.57
-35.67
-20.52
-23.59
-25.5
-19.73
-24.58
-22.41
-19.78
-22.88
-23.85
-22.64
-28.96
-28.52
-26.3
-22.96
-26.98
-22.92
-22.66
-24.33
-25.58
-21.88
-21.09
-23.85
-20.69
-29.64
-20.96
-26.89
-24.78
-31.19
-20.34
-22.54
-23.44
-22.75
-29.1
-24.96
-20.87
-21.37
-20.99
-23.46
-24.58
-25.18
-20.15
-25.02
-23.94
-23.87
-28.7
-26.07
-23.55
-19.82
-21.11
-22.06
-23.13
-28.17
-32.72
-22.53
-20.75
-26.19
-20.57
-30.18
-24.57
-21.6
-24.09
-19.32
-21.4
-24.18
-25.15
-23.92
-24.94
-22.63
-21.39
-22.79
-22.13
-20.11
-21.33
-19.81
-19.89
-21.07
-21.29
-23.67
-20.83
-20.65
-20.2
-23.81
-22.85
-22.91
-27.98
-21.24
-26.11
-20.95
-21.05
-22.88
-22.48
-28.24
-23.75
-23.76
-24.0
-27.83
-30.47
-23.53
-23.11
-21.03
-20.54
-23.52
-28.43
-20.37
-19.88
-22.6
-20.53
-23.98
-20.56
-21.34
-22.42
-22.0
-22.57
-24.3
-25.25
-21.57
-25.12
-21.0
-24.12
-24.14
-22.96
-22.05
-25.44
-20.63
-20.4
-21.19
-31.83
-21.13
-26.31
-20.93
-27.82
-24.76
-20.7
-20.98
-18.63
-20.43
-21.08
-21.76
-25.34
-21.2
-23.07
-21.89
-24.09
-25.99
-32.27
-21.48
-20.84
-24.06
-29.87
-21.62
-23.43
-34.94
-21.27
-22.65
-19.84
-20.44
-22.85
-21.74
-19.95
-19.3
-21.38
-21.18
-22.34
-22.68
-22.39
-21.35
-21.14
-21.05
-24.3
-20.17
-23.38
-24.76
-21.99
-20.38
-22.61
-23.66
-22.1
-26.37
-23.98
-22.37
-22.05
-22.62
-21.19
-19.96
-20.1
-20.18
-23.72
-22.82
-23.91
-21.62
-26.74
-23.94
-21.19
-22.67
-23.58
-24.91
-21.84
-22.75
-19.62
-21.59
-20.92
-21.44
-22.95
-21.75
-23.1
-20.15
-24.48
-20.9
-25.29
-21.42
-23.2
-19.65
-23.8
-21.21
-22.34
-21.28
-25.9
-19.87
-22.96
-20.8
-22.17
-22.23
-20.3
-21.25
-21.12
-26.27
-25.54
-29.43
-21.7
-22.41
-21.4
-20.49
-22.78
-20.55
-19.34
-22.57
-20.15
-22.26
-23.14
-22.57
-21.56
-20.52
-20.64
-20.24
-21.03
-19.82
-21.9
-19.4
-21.96
-19.8
-20.94
-21.43
-23.53
-20.9
-24.64
-19.76
-23.13
-24.42
-22.54
-23.07
-21.57
-22.2
-20.59
-19.96
-23.77
-21.71
-24.2
-20.91
-19.98
-18.6
-26.96
-22.23
-21.54
-20.99
-22.18
-19.73
-19.9
-20.63
-19.33
-23.67
-20.74
-26.7
-22.61
-21.86
-22.54
-21.81
-21.92
-21.92
-20.16
-19.68
-20.79
-21.54
-22.84
-23.51
-21.75
-22.29
-21.3
-21.52
-24.66
-20.99
-22.56
-22.44
-22.93
-22.19
-21.81
-19.31
-23.97
-23.52
-23.43
-21.82
-19.95
-21.51
-22.45
-29.21
-22.75
-22.3
-26.8
-25.44
-20.64
-21.68
-19.91
-20.73
-19.69
-22.26
-23.06
-19.9
-20.87
-33.26
-20.73
-21.04
-20.64
-18.99
-20.5
-27.22
-21.91
-23.97
-29.72
-24.57
-23.01
-21.6
-21.21
-20.27
-24.84
-22.53
-20.58
-19.36
-25.16
-25.64
-23.49
-21.26
-23.34
-28.83
-19.25
-21.03
-20.18
-21.13
-22.94
-22.3
-23.96
-19.52
-21.25
-21.21
-26.75
-21.77
-21.08
-20.56
-31.68
-22.49
-23.25
-23.1
-21.63
-20.18
-22.98
-22.32
-25.34
-21.51
-23.23
-22.89
-23.19
-26.09
-21.57
-21.05
-20.46
-20.98
-20.71
-21.99
-23.61
-19.71
-20.73
-22.11
-18.76
-20.91
-21.29
-24.74
-20.12
-23.51
-20.77
-22.94
-20.4
-19.87
-23.95
-35.38
-19.85
-20.49
-19.66
-19.75
-21.32
-19.71
-20.55
-20.81
-21.28
-21.18
-19.22
-20.33
-20.49
-23.26
-20.18
-26.28
-20.49
-22.32
-20.31
-22.71
-22.44
-23.45
-20.37
-21.62
-21.55
-23.9
-19.85
-21.79
-23.25
-23.69
-21.73
-22.77
-22.39
-18.56
-19.65
-23.2
-22.72
-20.94
-21.39
-19.45
-24.13
-25.38
-21.27
-20.62
-31.95
-26.87
-22.3
-23.38
-22.46
-19.42
-21.77
-24.03
-25.65
-24.24
-19.88
-20.72
-19.85
-26.56
-20.49
-22.37
-21.53
-27.11
-23.16
-19.68
-20.06
-21.08
-22.01
-22.05
-24.99
-21.85
-19.49
-25.96
-22.09
-23.77
-24.43
-22.94
-23.77
-22.8
-21.2
-21.89
-21.3
-20.82
-36.4
-20.12
-21.82
-22.52
-20.11
-21.03
-21.99
-20.42
-24.29
-31.81
-20.57
-18.69
-23.31
-25.46
-20.96
-20.01
-20.04
-19.36
-20.07
-26.1
-21.59
-20.45
-21.26
-22.16
-21.92
-22.3
-23.18
-21.41
-19.34
-21.13
-18.97
-20.36
-19.12
-27.8
-22.28
-23.38
-20.42
-21.41
-22.72
-18.8
-22.02
-19.34
-18.93
-20.02
-21.31
-22.66
-19.45
-23.35
-23.44
-19.78
-21.18
-22.13
-22.07
-21.1
-22.19
-21.76
-20.64
-21.5
-22.62
-21.59
-19.42
-20.97
-20.67
-19.38
-18.79
-23.28
-20.56
-19.83
-22.05
-21.11
-22.05
-22.24
-26.75
-22.86
-22.0
-20.62
-19.44
-20.69
-21.95
-20.47
-22.51
-20.59
-22.62
-21.93
-19.52
-25.05
-19.38
-22.29
-22.36
-23.97
-19.18
-19.78
-23.66
-22.19
-24.83
-20.23
-23.19
-21.52
-19.76
-20.61
-19.49
-21.01
-20.74
-20.01
-21.14
-21.91
-23.36
-20.33
-26.94
-19.72
-20.61
-21.11
-22.99
-23.46
-21.18
-25.75
-19.74
-21.28
-22.66
-22.89
-19.51
-23.85
-21.6
-20.69
-23.26
-22.89
-22.74
-24.01
-24.24
-26.28
-24.24
-21.67
-23.7
-19.13
-19.61
-21.69
-21.87
-22.82
-23.49
-25.2
-30.29
-21.32
-19.95
-23.19
-19.72
-21.0
-21.79
-19.53
-23.69
-23.03
-20.44
-21.3
-24.52
-28.08
-24.47
-21.29
-21.21
-19.81
-20.42
-18.9
-22.34
-22.16
-24.48
-21.56
-22.05
-19.96
-24.75
-21.23
-22.41
-20.94
-24.7
-20.61
-20.05
-21.37
-25.49
-19.4
-24.14
-21.5
-25.1
-24.39
-22.12
-20.0
-21.02
-22.45
-21.87
-20.82
-23.83
-21.32
-20.77
-19.61
-21.24
-22.16
-25.72
-19.96
-29.24
-20.79
-18.01
-20.69
-23.22
-26.72
-19.23
-24.56
-20.78
-20.38
-20.38
-19.52
-21.37
-20.79
-21.56
-22.42
-21.84
-22.71
-20.9
-20.55
-18.51
-20.43
-20.25
-20.26
-22.63
-27.43
-18.99
-23.05
-22.32
-22.67
-20.53
-19.91
-25.24
-23.09
-19.79
-24.9
-20.91
-20.57
-21.29
-20.94
-20.08
-25.32
-20.26
-23.52
-23.38
-21.32
-20.86
-18.98
-32.14
-21.81
-19.44
-21.57
-20.09
-20.86
-20.96
-19.52
-19.67
-21.34
-21.96
-23.85
-21.73
-19.53
-20.87
-23.27
-22.37
-21.53
-21.46
-19.4
-20.96
-22.91
-22.83
-24.02
-28.33
-21.2
-24.48
-20.24
-24.37
-27.92
-22.74
-25.78
-29.36
-23.31
-22.73
-20.78
-19.17
-21.42
-20.36
-19.05
-21.68
-29.4
-25.52
-24.17
-25.83
-24.14
-23.0
-21.41
-20.85
-22.66
-21.79
-23.85
-24.85
-25.01
-25.04
-21.58
-20.12
-19.7
-19.18
-25.1
-20.13
-23.55
-46.93
-26.55
-22.3
-20.24
-24.58
-20.03
-24.36
-52.6
-24.46
-21.01
-27.59
-20.61
-22.39
-23.38
-22.57
-20.59
-21.84
-25.74
-23.92
-24.87
-22.29
-22.08
-23.83
-22.98
-22.03
-23.22
-26.17
-27.4
-21.69
-21.53
-24.46
-19.24
-26.94
-24.87
-23.35
-22.14
-22.54
-24.3
-28.41
-21.08
-23.77
-20.75
-26.7
-24.84
-24.76
-21.99
-22.41
-22.34
-24.13
-21.84
-21.18
-23.05
-23.45
-27.19
-26.91
-31.57
-22.1
-24.34
-29.41
-27.19
-23.8
-25.15
-29.1
-20.76
-23.83
-23.16
-21.26
-21.3
-27.48
-22.57
-21.51
-19.51
-24.48
-22.05
-25.55
-27.12
-21.72
-26.75
-25.35
-24.91
-20.84
-19.69
-19.98
-24.23
-20.42
-21.26
-22.03
-24.62
-25.0
-25.25
-21.77
-26.67
-22.54
-32.6
-21.12
-26.43
-24.93
-27.96
-23.42
-30.55
-21.56
-23.17
-20.82
-22.67
-23.17
-19.27
-22.07
-20.66
-24.9
-20.49
-21.36
-20.33
-22.96
-20.55
-23.16
-21.42
-19.99
-23.55
-21.13
-25.74
-25.74
-20.13
-20.26
-23.42
-18.48
-26.62
-22.86
-19.85
-19.5
-20.92
-22.89
-23.58
-21.83
-22.73
-25.48
-27.22
-26.42
-20.83
-20.48
-21.94
-21.25
-26.37
-21.44
-22.18
-25.73
-27.18
-25.19
-22.04
-22.21
-31.45
-23.98
-23.82
-24.91
-24.83
-22.57
-23.89
-22.16
-25.13
-21.77
-23.67
-24.05
-22.64
-22.42
-23.26
-21.38
-20.24
-20.28
-22.21
-21.08
-20.9
-20.66
-21.71
-19.47
-21.2
-22.08
-23.78
-25.74
-24.83
-22.19
-23.39
-20.77
-20.7
-21.53
-21.34
-20.35
-22.55
-24.18
-21.71
-22.96
-21.06
-21.71
-24.49
-23.7
-18.95
-19.51
-21.45
-21.76
-22.49
-20.93
-21.19
-22.44
-22.18
-20.95
-22.02
-21.89
-25.43
-18.8
-19.96
-21.87
-23.1
-28.69
-22.83
-21.63
-25.87
-22.74
-22.39
-18.71
-21.42
-20.08
-22.85
-23.21
-22.56
-21.39
-20.9
-21.51
-21.88
-20.01
-26.91
-21.93
-30.86
-21.05
-20.24
-20.25
-21.93
-20.56
-21.62
-23.1
-19.93
-20.75
-31.84
-22.95
-30.82
-23.08
-22.19
-25.92
-24.06
-24.17
-23.4
-21.59
-21.72
-24.27
-24.84
-23.22
-23.03
-20.46
-21.18
-20.23
-22.22
-22.32
-21.67
-19.56
-22.98
-22.42
-19.46
-23.46
-22.25
-20.22
-20.43
-21.78
-20.52
-25.29
-21.27
-21.91
-24.2
-21.95
-22.65
-20.94
-23.76
-22.97
-20.77
-19.62
-20.6
-19.85
-22.6
-25.16
-19.32
iteration 6
