iteration 1
-151.99
-200.49
-343.37
-305.58
-313.89
-294.77
-281.49
-277.04
-309.4
-199.44
-268.3
-309.08
-310.39
-311.39
-269.04
-228.18
-201.27
-195.35
-132.97
-190.94
-125.93
-84.29
-116.66
-128.64
-135.98
-134.33
-139.32
-147.69
-156.85
-156.77
-151.57
-91.23
-94.93
-64.48
-62.4
-69.04
-54.17
-58.96
-46.92
-36.24
-42.83
-41.65
-40.86
-46.99
-49.08
-49.14
-46.93
-53.29
-49.98
-39.18
-43.13
-56.79
-38.72
-37.63
-38.72
-34.83
-42.33
-37.75
-44.51
-51.59
-51.78
-50.39
-38.62
-45.29
-47.45
-44.98
-47.51
-37.39
-47.77
-49.1
-57.72
-46.45
-44.6
-38.43
-42.07
-47.42
-43.83
-35.13
-45.1
-47.59
-41.57
-38.27
-44.39
-58.33
-47.48
-42.08
-33.09
-38.66
-48.86
-35.37
-41.09
-38.25
-49.21
-39.41
-44.49
-35.81
-44.26
-38.62
-38.52
-36.67
-38.7
-37.99
-34.29
-52.37
-33.27
-29.93
-47.03
-44.41
-53.2
-38.02
-45.19
-44.68
-55.64
-37.84
-35.19
-32.88
-34.39
-39.03
-42.42
-46.95
-42.92
-34.98
-39.65
-32.09
-41.62
-35.12
-46.96
-47.58
-41.78
-45.3
-65.01
-38.72
-37.38
-44.67
-40.57
-42.36
-39.12
-33.81
-40.23
-39.44
-52.54
-35.97
-36.79
-37.34
-42.85
-37.3
-43.09
-44.26
-42.72
-41.61
-38.67
-36.3
-49.64
-41.73
-38.29
-42.57
-51.97
-44.73
-51.45
-39.27
-41.12
-42.58
-39.37
-40.02
-46.45
-41.39
-40.13
-40.63
-37.54
-43.78
-55.2
-43.98
-36.07
-43.01
-46.7
-44.6
-49.87
-43.56
-38.65
-49.56
-33.64
-43.75
-34.94
-38.88
-51.83
-40.22
-35.75
-37.63
-54.25
-42.78
-45.78
-44.89
-46.19
-40.97
-43.18
-53.69
-34.65
-40.11
-40.82
-44.54
-38.74
-48.51
-41.02
-44.08
-37.97
-42.51
-35.34
-47.39
-37.3
-45.34
-39.68
-31.68
-36.63
-42.12
-47.65
-33.33
-44.77
-37.11
-58.24
-46.66
-37.98
-44.67
-44.29
-45.72
-42.97
-33.98
-35.52
-36.16
-41.29
-42.37
-40.12
-52.42
-44.98
-41.05
-42.82
-40.35
-40.17
-61.05
-42.21
-47.23
-40.76
-55.0
-54.62
-35.88
-49.13
-44.47
-44.38
-47.7
-41.45
-48.46
-39.09
-54.96
-43.2
-48.3
-66.18
-52.94
-50.07
-43.9
-48.43
-48.13
-44.87
-48.63
-42.4
-43.23
-37.61
-47.7
-42.57
-40.51
-50.75
-59.12
-46.82
-45.13
-57.59
-44.47
-47.36
-51.23
-42.81
-41.24
-50.98
-41.96
-45.74
-45.67
-48.22
-50.56
-42.37
-45.35
-46.08
-41.73
-54.28
-45.92
-51.02
-39.83
-43.3
-43.35
-49.11
-52.12
-51.09
-46.27
-49.77
-67.15
-45.92
-39.03
-51.91
-40.22
-45.63
-44.69
-45.92
-52.1
-54.41
-42.68
-47.13
-43.39
-38.23
-52.87
-45.95
-58.64
-45.22
-39.62
-46.34
-48.5
-43.32
-41.61
-47.65
-40.54
-41.8
-47.09
-35.45
-43.72
-39.71
-44.37
-39.56
-56.65
-43.32
-47.54
-46.22
-49.39
-47.02
-40.28
-43.22
-38.32
-38.04
-43.94
-42.54
-39.15
-43.22
-46.05
-46.11
-34.79
-49.57
-42.95
-43.25
-38.09
-42.01
-40.83
-40.1
-55.21
-46.2
-42.84
-74.55
-42.75
-41.29
-50.78
-39.82
-40.07
-41.12
-45.51
-45.17
-38.52
-39.72
-44.47
-45.01
-34.31
-38.54
-44.79
-46.61
-38.7
-41.09
-38.18
-36.16
-46.19
-38.68
-43.28
-41.46
-37.31
-36.03
-42.9
-40.91
-44.17
-39.0
-40.46
-40.82
-43.7
-41.58
-32.93
-39.81
-44.22
-34.56
-39.88
-44.25
-51.41
-33.69
-36.55
-42.64
-35.75
-35.38
-37.83
-37.23
-43.92
-41.43
-45.7
-40.63
-43.78
-39.71
-47.55
-39.92
-34.1
-34.56
-46.15
-57.08
-41.26
-33.49
-38.27
-40.15
-41.88
-36.53
-32.74
-48.15
-35.6
-45.36
-49.67
-42.42
-33.85
-36.12
-38.34
-36.99
-39.22
-43.95
-39.03
-41.42
-42.09
-41.79
-36.96
-47.29
-38.37
-38.81
-40.73
-43.64
-34.13
-43.93
-33.7
-54.34
-42.77
-44.57
-43.39
-32.88
-53.84
-41.17
-34.72
-39.6
-40.04
-34.94
-44.8
-36.55
-41.08
-36.67
-52.82
-32.16
-35.41
-42.69
-44.85
-40.18
-45.19
-46.74
-36.94
-42.4
-44.81
-37.03
-32.83
-33.21
-37.66
-38.16
-39.49
-45.63
-40.28
-47.01
-34.52
-41.01
-46.01
-35.58
-45.28
-42.28
-33.34
-41.43
-40.41
-39.48
-61.18
-43.74
-38.61
-46.96
-39.78
-49.74
-39.58
-33.18
-36.94
-37.7
-36.98
-37.24
-37.96
-36.6
-38.31
-43.22
-33.16
-32.08
-37.46
-40.73
-34.12
-42.77
-39.41
-43.15
-42.5
-36.26
-32.9
-41.84
-46.84
-38.05
-50.69
-43.81
-48.21
-34.77
-43.0
-43.09
-47.06
-40.52
-40.39
-42.82
-43.17
-61.02
-40.57
-42.11
-42.51
-76.9
-44.23
-48.0
-33.09
-45.41
-48.19
-46.41
-39.0
-42.15
-49.66
-39.51
-37.72
-38.83
-35.71
-55.73
-50.02
-56.07
-42.62
-36.7
-37.73
-38.69
-35.5
-40.72
-44.44
-40.76
-37.32
-40.86
-42.8
-43.67
-47.02
-35.46
-35.29
-39.4
-45.61
-40.61
-44.18
-35.59
-35.64
-35.48
-37.28
-40.65
-44.92
-32.61
-38.43
-38.6
-41.07
-45.32
-47.56
-44.76
-36.77
-37.8
-37.88
-34.05
-39.57
-40.82
-34.89
-41.09
-36.68
-44.29
-34.29
-34.62
-36.84
-37.32
-34.69
-37.39
-47.64
-33.66
-41.08
-44.05
-36.85
-47.44
-46.55
-57.4
-39.0
-42.32
-45.09
-36.51
-33.26
-39.93
-31.94
-33.63
-46.03
-40.67
-31.34
-36.51
-42.57
-42.3
-38.52
-39.38
-39.78
-38.9
-42.28
-33.28
-40.23
-31.12
-38.26
-46.61
-32.32
-31.77
-31.86
-54.63
-38.46
-41.58
-35.35
-44.38
-37.81
-36.6
-42.28
-34.12
-35.02
-46.53
-40.26
-38.1
-30.18
-49.77
-44.81
-47.03
-43.04
-45.56
-35.68
-37.45
-38.82
-33.73
-42.49
-40.23
-37.4
-52.29
-42.52
-44.56
-39.61
-49.94
-46.17
-48.73
-34.88
-34.94
-34.79
-37.48
-36.07
-36.09
-36.44
-40.24
-44.48
-41.47
-42.22
-33.73
-32.82
-33.53
-38.85
-46.54
-40.83
-44.12
-34.79
-36.02
-37.36
-40.16
-41.25
-40.0
-47.34
-43.26
-47.23
-40.94
-41.25
-37.35
-43.42
-36.84
-68.58
-49.66
-46.66
-54.32
-46.27
-53.7
-57.25
-58.08
-53.12
-47.58
-40.06
-36.92
-36.45
-44.28
-44.14
-42.45
-38.74
-43.46
-41.75
-63.54
-41.24
-41.71
-46.59
-41.47
-44.59
-81.2
-50.58
-46.44
-42.8
-48.34
-36.28
-45.36
-40.16
-35.68
-36.16
-39.22
-45.63
-47.2
-42.32
-44.39
-42.48
-49.82
-37.03
-47.57
-42.04
-34.3
-46.45
-44.48
-44.34
-45.34
-43.94
-37.11
-49.06
-42.06
-36.22
-45.74
-42.51
-40.13
-37.77
-36.73
-37.44
-58.64
-38.29
-48.06
-38.81
-36.81
-47.73
-52.99
-34.94
-40.08
-51.2
-44.38
-45.8
-39.1
-32.56
-42.44
-48.1
-60.48
-79.6
-38.89
-37.74
-68.65
-39.21
-40.5
-44.33
-55.71
-46.45
-40.41
-45.35
-44.86
-34.85
-37.03
-36.08
-45.22
-47.03
-36.64
-38.57
-36.65
-42.94
-47.78
-43.53
-38.38
-51.29
-44.4
-34.21
-43.99
-38.45
-50.5
-41.55
-41.55
-43.06
-37.85
-39.08
-38.85
-58.68
-54.43
-46.24
-43.68
-35.55
-36.16
-43.71
-38.39
-41.99
-37.03
-38.18
-32.94
-47.27
-39.77
-35.78
-33.28
-37.92
-36.06
-38.7
-38.07
-38.24
-38.46
-38.05
-38.72
-33.16
-41.73
-47.86
-41.95
-37.62
-44.78
-54.55
-34.0
-41.83
-47.81
-40.45
-30.11
-40.43
-39.4
-40.7
-42.12
-39.38
-35.36
-52.12
-40.74
-37.28
-39.79
-58.33
-41.24
-40.07
-35.89
-45.17
-48.6
-30.66
-48.12
-43.52
-53.33
-39.81
-41.1
-39.28
-42.14
-42.42
-43.12
-44.39
-36.8
-55.57
-59.53
-45.41
-29.12
-44.7
-48.11
-42.94
-43.25
-63.34
-35.29
-38.59
-37.16
-34.55
-34.8
-40.77
-36.8
-41.55
-33.73
-35.47
-42.03
-36.45
-32.12
-33.77
-37.82
-42.59
-42.06
-43.42
-44.05
-41.4
-38.58
-39.75
-40.25
-39.49
-44.24
-41.62
-36.71
-38.79
-39.34
-38.36
-38.36
-42.57
-34.12
-41.37
-47.82
-39.05
-57.63
-35.06
-51.15
-39.29
-38.44
-40.24
-38.75
-34.22
-34.65
-33.61
-37.18
-45.18
-34.76
-28.62
-31.51
-47.49
-36.34
-42.07
-39.44
-34.84
-39.09
-37.56
-54.48
-46.18
-49.46
-38.6
-46.51
-35.03
-35.08
-33.31
-33.19
-42.75
-36.54
-52.89
-41.14
-40.55
-53.63
-33.65
-43.1
-35.02
-37.53
-31.85
-39.79
-38.39
-43.03
-47.61
-43.3
-42.64
-42.36
-40.66
-39.63
-39.99
-42.57
-40.29
-47.51
-46.3
-42.1
-43.2
-53.89
-47.45
-41.65
-48.44
-36.94
-42.35
-43.89
-33.21
-39.58
-47.06
-35.02
-53.25
-42.65
-34.28
-36.42
-42.16
-52.84
-41.3
-42.31
-37.5
-44.62
-38.15
-45.92
-39.76
-37.23
-46.58
-38.8
-35.4
-31.02
-36.47
-35.7
-49.04
-42.42
-36.59
-35.85
-35.45
-38.11
-45.04
-36.27
-33.54
-36.88
-44.85
-47.99
-39.33
-45.1
-44.42
-39.78
-40.78
-35.67
-38.92
-41.68
-34.29
-32.34
-41.47
-43.87
-48.54
-43.27
-39.51
-32.97
-41.07
-41.14
-44.56
-34.91
-42.07
-41.77
-32.18
-37.8
-38.98
-37.98
-42.33
-41.45
-43.73
-42.51
-43.6
-38.97
-37.1
-37.52
-37.26
-43.04
-33.26
-37.44
-49.84
-45.39
-41.0
-48.19
-37.76
-40.59
-50.32
-39.93
-29.3
-39.8
-40.47
-35.55
-43.98
-37.3
-39.0
-47.06
-36.99
-54.46
-34.4
-48.8
-36.54
-41.59
-46.22
-35.77
-47.19
-36.52
-47.69
-42.41
-52.13
-44.83
-41.79
-36.79
-37.12
-45.27
-45.32
-34.48
-43.41
-39.4
-45.26
-39.42
-35.94
-34.31
-38.69
-41.32
-47.93
-39.1
-40.43
-32.83
-42.78
-47.92
-44.54
-38.15
-30.8
-44.79
-39.75
-43.3
-34.2
-56.56
-34.22
-38.79
-36.82
-32.64
-33.16
-41.07
-35.11
-41.18
-53.03
-42.88
-37.8
-39.38
-36.95
-38.13
-42.62
-32.82
-35.16
-44.61
-56.96
-32.55
-40.12
-62.61
-32.75
-52.92
-37.95
-39.24
-44.35
-34.61
-49.22
-35.68
-39.91
-52.42
-44.01
-51.74
-38.11
-57.95
-45.02
-35.57
-33.99
-48.47
-41.46
-37.52
-57.05
-59.55
-36.72
-36.69
-38.5
-39.42
-45.58
-29.67
-37.69
-34.19
-44.09
-35.89
-40.84
-37.95
-49.8
-39.18
-45.61
-36.12
-50.74
-43.61
-63.12
-39.12
-31.25
-40.73
-35.76
-38.21
-34.7
-36.06
-30.95
-35.26
-39.0
-48.79
-40.36
-34.35
-39.08
-40.77
-39.83
-31.64
-55.01
-33.64
-37.09
-37.62
-31.62
-37.84
-48.05
-45.48
-38.67
-46.02
-33.84
-39.27
-44.94
-37.68
-45.69
-37.12
-39.34
-48.58
-38.5
-43.66
-36.91
-49.32
-36.39
-33.8
-39.37
-50.3
-37.36
-49.31
-34.84
-35.88
-45.41
-38.93
-33.17
-34.17
-45.39
-31.92
-41.93
-38.37
-37.54
-32.24
-35.51
-48.48
-44.04
-45.63
-51.16
-45.48
-41.98
-45.79
-40.28
-48.18
-31.01
-39.3
-39.16
-33.56
-43.95
-38.52
-43.88
-44.92
-40.9
-38.92
-47.08
-41.38
-34.28
-38.29
-52.63
-44.79
-35.89
-51.42
-30.68
-31.51
-36.04
-43.39
-40.06
-39.55
-42.52
-43.71
-34.21
-38.5
-35.77
-34.81
-35.0
-42.07
-44.43
-37.01
-35.75
-45.35
-37.56
-32.58
-45.4
-39.3
-48.48
-55.44
-39.6
-42.22
-45.99
-44.59
-38.61
-36.88
-45.82
-30.9
-56.0
-41.04
-46.53
-41.81
-38.92
-41.0
-37.62
-39.22
-57.42
-42.55
-42.3
-33.4
-37.37
-41.02
-48.05
-46.03
-58.46
-36.99
-35.95
-51.18
-47.0
-35.0
-39.55
-42.49
-38.79
-44.38
-30.99
-39.87
-52.26
-44.8
-41.76
-35.35
-37.82
-34.57
-37.37
-42.25
-41.68
-39.61
-45.35
-41.68
-33.82
-37.91
-48.92
-39.34
-38.76
-37.83
-39.26
-48.82
-36.07
-42.65
-40.68
-42.45
-47.79
-37.2
-54.65
-42.67
-49.13
-63.56
-38.11
-29.46
-35.85
-44.4
-37.59
-36.59
-49.02
-42.79
-42.52
-41.03
-45.58
-36.76
-48.63
-32.64
-39.9
-44.05
-58.5
-41.7
-41.56
-40.95
-52.29
-44.04
-34.83
-35.92
-38.85
-49.92
-47.76
-35.23
-44.17
-36.19
-35.33
-38.7
-44.55
-39.83
-40.23
-35.86
-38.87
-41.17
-39.78
-38.01
-42.1
-31.48
-44.53
-43.5
-60.75
-43.01
-40.15
-35.91
-30.33
-39.15
-31.4
-41.45
-38.18
-38.25
-44.01
-44.22
-37.28
-47.66
-38.76
-38.79
-36.59
-57.87
-52.17
-37.69
-41.61
-36.41
-41.73
-43.05
-48.15
-44.01
-37.77
-38.75
-52.34
-39.84
-39.52
-37.28
-30.26
-33.06
-44.45
-64.39
-43.76
-57.69
-41.01
-35.16
-36.42
-35.8
-44.83
-40.39
-56.19
-41.5
-38.13
-59.71
-30.4
-30.01
-45.46
-49.53
-36.49
-41.67
-44.13
-34.83
-35.21
-37.88
-34.4
-41.32
-44.72
-34.44
-35.05
-38.51
-47.31
-40.52
-43.15
-43.66
-36.97
-37.7
-40.31
-35.47
-32.59
-47.93
-71.4
-41.03
-37.97
-37.98
-44.92
-45.96
-45.99
-47.42
-48.59
-38.73
-42.6
-68.02
-47.87
-41.55
-49.05
-42.57
-38.95
-39.0
-39.58
-36.49
-48.82
-45.84
-49.45
-44.3
-38.58
-54.13
-34.01
-37.7
-39.77
-38.75
-40.0
-41.55
-40.93
-42.36
-35.54
-42.28
-42.0
-38.68
-47.14
-48.05
-46.74
-36.02
-35.22
-34.85
-36.21
-38.89
-40.43
-35.57
-36.42
-44.1
-38.27
-50.19
-37.38
-33.42
-45.12
-39.25
-44.03
-41.43
-37.58
-43.17
-41.51
-33.64
-42.2
-44.87
-35.5
-37.49
-44.85
-47.76
-32.68
-39.81
-37.78
-35.54
-36.6
-36.4
-39.86
-40.4
-34.79
-41.52
-56.41
-34.21
-35.53
-44.15
-38.12
-43.77
-42.01
-37.89
-43.29
-44.23
-34.78
-78.33
-43.96
-43.03
-44.78
-44.01
-39.58
-41.11
-37.26
-45.59
-51.75
-42.01
-45.51
-43.38
-35.38
-39.63
-32.08
-46.92
-43.75
-36.29
-34.26
-35.8
-42.78
-39.37
-39.58
-39.18
-39.06
-46.81
-42.54
-33.79
-62.78
-35.5
-43.59
-43.44
-60.38
-38.73
-33.2
-33.46
-37.43
-32.03
-34.71
-41.18
-33.75
-41.42
-39.82
-49.19
-42.1
-40.16
-31.54
-37.61
-34.02
-50.9
-50.52
-41.13
-50.9
-49.74
-40.98
-37.63
-41.07
-37.01
-32.3
-40.04
-40.26
-43.26
-40.47
-36.27
-31.07
-53.0
-49.27
-39.81
-36.23
-40.05
-38.81
-37.2
-41.37
-42.81
-42.2
-46.43
-42.46
-35.62
-45.74
-41.92
-39.98
-47.2
-43.7
-50.26
-40.37
-32.34
-37.62
-36.51
-35.04
-52.17
-50.66
-40.07
-42.82
-32.97
-37.85
-35.33
-39.7
-39.73
-33.79
-41.39
-43.63
-46.82
-41.77
-31.05
-42.71
-35.19
-34.79
-39.55
-37.15
-38.63
-42.03
-39.93
-39.43
-34.27
-40.03
-35.9
-32.93
-35.08
-50.32
-39.5
-34.17
-35.39
-50.58
-46.29
-42.54
-37.88
-45.48
-38.85
-42.11
-39.88
-35.98
-48.94
-48.88
-38.08
-38.62
-48.86
-42.81
-39.65
-31.85
-39.39
-43.03
-39.07
-38.36
-34.66
-37.39
-41.39
-61.62
-40.13
-42.74
-45.33
-41.96
-40.61
-33.57
-38.99
-47.1
-41.78
-51.31
-37.78
-42.57
-47.9
-41.48
-37.64
-51.21
-34.18
-53.77
-32.9
-31.44
-39.69
-38.87
-37.69
-43.86
-54.11
-35.81
-48.97
-36.39
-31.79
-37.34
-32.7
-42.28
-39.68
-55.88
-43.12
-35.63
-37.5
-43.25
-39.94
-41.83
-40.32
-48.15
-46.15
-48.85
-47.55
-50.16
-50.63
-41.1
-39.76
-51.91
-37.88
-36.62
-31.01
-45.18
-41.7
-49.11
-41.89
-44.86
-71.84
-45.57
-43.33
-40.97
-50.75
-34.5
-48.93
-43.51
-35.55
-40.95
-42.13
-39.49
-43.45
-41.68
-38.66
-48.0
-37.86
-48.5
-34.79
-48.56
-36.75
-33.54
-42.26
-44.1
-36.84
-46.76
-44.32
-37.22
-54.28
-34.95
-37.49
-74.29
-35.21
-46.14
-41.35
-55.41
-38.1
-48.61
-33.52
-38.08
-50.61
-38.17
-33.94
-33.65
-43.03
-46.84
-60.4
-36.6
-43.23
-34.41
-39.33
-53.16
-37.23
-45.41
-48.27
-33.75
-56.19
-51.02
-44.92
-34.19
-33.9
-39.07
-34.61
-55.19
-42.14
-49.23
-54.51
-40.27
-37.07
-43.81
-47.05
-35.8
-35.03
-41.16
-32.92
-40.19
-43.92
-43.75
-36.25
-44.97
-38.58
-64.35
-51.02
-45.64
-40.26
-36.67
-30.0
-39.15
-36.36
-47.58
-36.06
-43.11
-55.21
-35.89
-45.88
-47.85
-46.18
-38.73
-42.44
-59.84
-37.64
-47.22
-37.89
-34.45
-42.11
-41.03
-33.94
-34.95
-49.02
-43.31
-39.25
-54.78
-35.66
-41.67
-40.01
-46.16
-50.62
-32.52
-43.74
-57.3
-39.8
-50.44
-35.91
-40.25
-37.65
-35.93
-46.62
-39.83
-45.41
-33.95
-41.97
-35.38
-34.78
-43.02
-36.75
-53.32
-40.21
-44.38
-40.65
-39.33
-43.95
-38.93
-42.62
-43.28
-33.29
-35.3
-51.15
-34.27
-34.22
-49.08
-42.88
-30.73
-49.55
-42.61
-38.62
-45.89
-38.0
-44.91
-40.68
-51.32
-34.58
-36.35
-35.18
-67.81
-36.29
-37.09
-41.4
-38.81
-39.26
-34.54
-50.52
-39.54
-30.24
-41.33
-35.4
-36.46
-48.88
-34.8
-42.12
-42.93
-45.07
-55.26
-43.28
-38.94
-29.79
-46.66
-39.13
-36.86
-48.12
-42.97
-37.42
-41.54
-36.08
-40.7
-40.24
-32.01
-58.54
-31.83
-43.07
-40.11
-41.7
-38.17
-46.34
-48.25
-47.84
-37.66
-40.41
-38.98
-49.95
-39.64
-35.12
-36.76
-41.51
-36.49
iteration 2
-181.18
-220.9
-337.47
-240.85
-261.23
-342.66
-302.64
-339.89
-315.68
-383.43
-322.49
-288.7
-295.97
-328.04
-315.3
-314.64
-191.25
-168.91
-172.02
-124.67
-84.17
-90.73
-87.83
-78.33
-54.51
-62.77
-51.1
-62.11
-59.5
-56.26
-102.15
-104.51
-104.75
-89.19
-88.7
-100.81
-84.4
-86.22
-121.4
-130.41
-102.93
-83.68
-95.8
-49.53
-105.57
-84.87
-58.23
-49.55
-53.21
-68.11
-62.56
-49.35
-49.09
-68.94
-78.21
-51.32
-51.65
-74.8
-55.37
-53.86
-49.0
-55.51
-41.07
-50.6
-45.88
-40.76
-43.08
-51.77
-52.58
-47.98
-52.79
-49.56
-62.47
-56.44
-52.76
-53.66
-44.42
-58.98
-67.3
-115.51
-74.02
-86.09
-86.99
-106.22
-92.82
-82.77
-95.0
-99.59
-74.03
-64.35
-83.04
-75.6
-99.39
-71.4
-66.01
-116.26
-77.66
-72.99
-53.06
-59.64
-84.16
-53.26
-63.61
-44.93
-48.19
-51.25
-48.03
-71.01
-43.66
-77.99
-67.22
-51.38
-48.54
-49.16
-51.59
-38.97
-50.49
-64.73
-51.95
-33.86
-53.63
-34.08
-50.43
-53.09
-63.75
-47.22
-49.46
-29.04
-44.24
-47.34
-38.82
-66.14
-40.87
-63.26
-49.59
-36.24
-47.39
-46.63
-51.88
-61.06
-53.72
-51.16
-42.7
-42.96
-39.24
-47.02
-45.85
-32.55
-53.99
-42.72
-37.65
-51.22
-55.35
-48.68
-50.36
-44.64
-48.87
-57.33
-39.04
-38.29
-40.79
-38.18
-48.47
-46.09
-36.49
-62.66
-47.01
-39.14
-42.03
-51.88
-51.11
-39.72
-38.45
-38.13
-42.45
-33.03
-36.56
-37.79
-44.7
-51.25
-46.73
-44.3
-39.32
-41.55
-41.45
-36.24
-49.32
-39.23
-39.45
-43.7
-48.05
-49.5
-50.38
-36.94
-46.2
-37.47
-47.87
-60.25
-52.52
-53.08
-36.99
-43.06
-42.84
-40.86
-38.86
-37.05
-46.1
-47.1
-48.35
-58.86
-41.25
-46.41
-44.38
-50.16
-37.46
-42.38
-40.93
-56.36
-41.84
-39.93
-35.54
-44.36
-41.83
-46.46
-40.77
-37.92
-43.17
-44.94
-37.73
-45.56
-42.91
-48.52
-36.65
-36.36
-43.69
-35.14
-46.98
-48.47
-46.52
-39.58
-39.37
-38.44
-44.24
-42.71
-36.89
-43.18
-37.59
-44.28
-37.16
-45.05
-45.69
-41.21
-36.88
-50.38
-37.51
-43.55
-42.36
-51.34
-48.42
-35.66
-62.35
-49.31
-44.66
-46.07
-40.2
-44.22
-43.81
-43.35
-57.15
-45.62
-40.76
-36.84
-41.14
-44.14
-42.55
-42.61
-43.1
-45.82
-52.89
-43.87
-41.01
-47.91
-39.77
-42.18
-43.29
-45.87
-36.44
-40.77
-42.55
-40.91
-39.05
-41.83
-39.41
-37.76
-40.11
-38.2
-42.55
-52.67
-45.23
-41.87
-43.67
-50.98
-42.25
-42.44
-40.4
-45.41
-45.37
-45.49
-44.46
-39.58
-42.02
-39.95
-44.46
-45.14
-46.33
-38.88
-35.82
-44.97
-38.85
-39.93
-36.41
-44.93
-42.07
-40.32
-45.32
-38.69
-47.96
-42.13
-50.92
-41.69
-38.23
-48.11
-61.56
-43.38
-41.29
-62.35
-43.93
-42.85
-45.78
-38.64
-41.83
-38.4
-50.96
-69.82
-42.17
-46.77
-39.14
-45.2
-57.22
-47.59
-43.79
-48.76
-46.04
-35.32
-58.45
-36.33
-35.43
-32.5
-46.27
-53.48
-40.59
-38.78
-36.98
-40.17
-52.15
-41.75
-41.6
-43.01
-59.39
-60.76
-45.65
-44.22
-45.38
-47.58
-41.73
-38.04
-49.07
-52.63
-42.0
-46.61
-48.06
-43.98
-59.54
-47.16
-49.62
-37.81
-43.55
-40.41
-40.22
-43.9
-42.97
-40.64
-41.54
-42.46
-57.84
-54.36
-47.25
-50.35
-45.63
-44.8
-45.25
-59.07
-42.66
-59.05
-41.98
-44.52
-42.77
-47.09
-40.21
-45.77
-44.14
-44.77
-43.64
-46.15
-52.21
-41.58
-41.84
-41.97
-44.23
-40.2
-40.23
-42.39
-39.55
-45.35
-45.94
-37.24
-39.75
-48.4
-40.94
-46.67
-42.13
-38.19
-45.0
-41.1
-42.48
-42.23
-42.94
-45.35
-48.05
-40.48
-41.39
-38.03
-41.35
-55.53
-43.65
-41.0
-40.69
-45.23
-40.3
-36.29
-37.94
-54.77
-42.85
-47.23
-40.79
-42.56
-40.12
-40.26
-41.02
-44.27
-36.31
-39.38
-45.59
-66.29
-43.61
-39.03
-41.36
-54.88
-41.05
-44.89
-37.31
-37.33
-43.36
-50.45
-44.9
-44.42
-47.39
-43.0
-48.5
-39.69
-40.37
-39.55
-45.22
-45.27
-47.44
-44.9
-40.48
-55.25
-45.0
-73.49
-46.47
-45.0
-41.66
-49.32
-54.11
-43.65
-47.24
-43.46
-41.02
-39.42
-40.27
-40.36
-48.36
-44.54
-47.7
-37.19
-44.7
-41.22
-53.21
-44.46
-50.49
-42.13
-46.81
-40.97
-39.57
-52.1
-46.33
-47.07
-48.89
-36.18
-41.59
-37.1
-41.22
-40.26
-41.8
-44.43
-40.07
-54.14
-37.93
-47.22
-40.48
-43.32
-36.29
-40.77
-43.61
-44.28
-49.86
-47.9
-50.2
-47.74
-39.9
-39.98
-43.88
-51.41
-61.85
-49.94
-45.23
-40.28
-39.92
-48.69
-33.78
-33.5
-47.1
-42.08
-40.03
-43.35
-43.17
-63.14
-48.96
-48.61
-55.76
-41.48
-52.42
-41.95
-44.89
-36.05
-35.76
-46.44
-40.69
-38.51
-37.28
-49.64
-47.39
-50.78
-38.98
-39.74
-42.75
-49.61
-39.46
-46.5
-43.66
-34.59
-46.91
-39.28
-36.23
-34.61
-35.78
-42.36
-44.61
-41.66
-49.53
-44.25
-46.44
-38.99
-49.27
-40.33
-41.08
-47.13
-66.29
-38.57
-41.23
-48.44
-35.31
-36.83
-36.95
-50.3
-38.68
-46.39
-39.0
-34.61
-40.71
-38.88
-37.28
-42.19
-43.49
-41.76
-35.42
-49.64
-34.94
-45.64
-48.73
-38.42
-48.34
-38.07
-52.65
-37.82
-44.2
-38.54
-44.63
-62.09
-48.09
-47.38
-35.86
-42.54
-43.05
-37.17
-38.11
-42.36
-42.8
-33.09
-44.94
-46.65
-37.21
-42.5
-38.71
-46.68
-42.45
-45.2
-45.0
-39.21
-39.92
-38.73
-38.27
-42.0
-40.97
-41.54
-53.52
-36.69
-51.43
-49.78
-35.97
-36.27
-49.33
-47.69
-41.72
-40.59
-48.88
-39.11
-41.97
-51.9
-34.87
-48.94
-35.72
-35.5
-38.77
-40.13
-43.12
-40.97
-46.6
-37.12
-41.0
-41.42
-50.19
-46.51
-37.26
-43.31
-50.06
-33.31
-40.86
-40.87
-40.97
-37.93
-45.29
-58.02
-39.2
-40.8
-35.67
-39.64
-43.33
-38.79
-47.17
-35.71
-44.15
-56.94
-41.79
-52.02
-38.53
-55.56
-44.94
-55.7
-42.2
-48.11
-40.87
-39.58
-46.9
-42.6
-50.43
-38.27
-45.05
-37.7
-47.99
-40.96
-47.51
-43.68
-43.29
-48.76
-42.34
-40.11
-38.85
-51.37
-43.76
-36.29
-38.98
-43.04
-33.99
-33.79
-47.51
-52.55
-44.76
-46.53
-38.82
-41.15
-38.83
-39.0
-48.12
-87.21
-54.95
-49.7
-43.87
-42.49
-37.87
-43.57
-47.24
-85.08
-48.36
-41.02
-45.67
-46.62
-38.03
-40.23
-35.3
-46.08
-46.23
-38.53
-47.54
-39.7
-51.07
-37.38
-45.5
-64.07
-46.05
-48.04
-43.51
-51.87
-39.59
-46.49
-46.76
-43.28
-36.65
-42.46
-49.76
-47.8
-50.87
-36.2
-43.16
-36.43
-36.23
-45.29
-49.93
-38.46
-43.05
-44.13
-39.59
-55.76
-57.2
-42.64
-37.38
-40.52
-48.4
-45.12
-41.38
-48.08
-40.82
-37.79
-37.01
-45.38
-43.57
-41.62
-43.06
-53.87
-37.14
-47.96
-42.06
-36.8
-42.17
-41.43
-41.67
-37.04
-37.65
-48.1
-36.67
-34.26
-39.59
-57.95
-40.4
-51.53
-46.06
-43.18
-38.61
-43.27
-47.64
-37.26
-41.88
-51.62
-47.29
-40.1
-46.68
-42.51
-42.66
-37.08
-36.12
-37.54
-37.75
-39.09
-39.16
-43.83
-40.49
-43.9
-41.59
-56.94
-36.75
-45.46
-35.69
-39.4
-45.7
-41.45
-36.23
-50.14
-40.22
-37.58
-38.85
-58.26
-48.95
-36.07
-37.0
-39.86
-32.22
-38.49
-37.22
-42.79
-40.48
-35.8
-36.47
-50.95
-38.33
-51.1
-42.99
-32.98
-38.7
-35.2
-43.97
-37.23
-40.12
-44.98
-46.03
-39.67
-37.07
-43.07
-41.05
-50.82
-54.73
-41.03
-39.09
-48.12
-35.96
-45.34
-37.69
-42.3
-31.19
-69.57
-38.36
-46.54
-35.93
-45.57
-36.51
-51.28
-47.09
-48.24
-53.92
-38.3
-35.6
-34.64
-42.93
-51.98
-38.95
-46.49
-43.81
-52.56
-40.31
-41.42
-37.78
-37.15
-58.77
-36.09
-49.0
-37.96
-36.82
-47.09
-39.56
-37.72
-47.06
-37.6
-44.93
-40.85
-50.44
-32.41
-35.64
-33.97
-38.45
-42.37
-45.59
-38.15
-45.74
-39.41
-37.3
-42.86
-39.91
-68.97
-47.99
-43.08
-46.85
-40.16
-42.18
-44.18
-38.69
-41.54
-45.74
-42.34
-44.17
-45.57
-47.34
-44.98
-38.27
-43.27
-40.06
-47.04
-50.32
-54.23
-34.19
-48.33
-34.7
-43.41
-46.43
-38.43
-46.87
-45.81
-49.01
-36.32
-39.91
-49.33
-47.48
-39.63
-36.32
-34.67
-39.64
-42.4
-50.91
-38.12
-38.91
-33.12
-45.45
-39.48
-42.53
-50.48
-36.76
-52.76
-42.41
-43.03
-42.77
-51.81
-47.39
-37.74
-42.88
-45.63
-64.0
-50.51
-40.48
-35.56
-45.85
-54.35
-33.83
-48.06
-34.36
-50.17
-61.95
-47.07
-47.26
-40.15
-60.46
-53.39
-52.43
-34.01
-60.13
-35.83
-41.65
-52.53
-38.93
-36.57
-40.06
-38.23
-44.59
-40.59
-43.82
-46.27
-46.67
-40.5
-43.95
-41.63
-36.04
-46.27
-43.1
-35.41
-40.91
-40.24
-41.5
-49.97
-37.07
-36.46
-35.19
-37.13
-53.15
-49.57
-39.74
-43.25
-47.2
-43.96
-39.94
-55.26
-51.56
-32.41
-38.93
-37.65
-38.08
-42.94
-39.83
-37.61
-44.6
-39.0
-50.43
-65.19
-41.21
-48.36
-45.19
-43.11
-35.15
-51.24
-34.01
-37.95
-46.37
-36.34
-44.1
-50.29
-40.38
-52.54
-40.9
-46.86
-52.92
-37.35
-47.48
-49.81
-47.75
-37.66
-45.05
-53.04
-35.63
-52.95
-37.49
-57.14
-39.84
-48.95
-47.41
-47.14
-52.07
-40.97
-51.61
-43.44
-44.58
-46.0
-42.08
-46.77
-45.22
-39.14
-39.45
-37.52
-35.73
-39.61
-36.68
-38.91
-41.14
-45.25
-47.08
-39.39
-38.64
-46.63
-35.54
-33.99
-41.94
-41.18
-40.43
-49.29
-34.28
-47.94
-38.67
-41.33
-39.87
-51.26
-39.64
-39.05
-34.3
-42.08
-34.81
-42.81
-46.99
-46.53
-39.43
-40.14
-44.23
-35.02
-38.93
-34.14
-38.26
-37.32
-52.94
-44.95
-44.61
-41.08
-36.24
-42.1
-47.22
-39.64
-54.96
-45.67
-48.57
-37.75
-50.99
-59.38
-41.98
-32.44
-40.75
-53.3
-41.67
-38.03
-37.6
-47.77
-35.44
-41.22
-50.31
-38.88
-49.81
-43.96
-46.36
-42.05
-37.62
-34.11
-34.46
-35.6
-39.5
-39.29
-41.49
-50.45
-41.35
-53.78
-47.02
-43.53
-62.62
-43.68
-44.4
-49.56
-46.46
-40.34
-61.61
-58.58
-37.28
-46.89
-44.4
-39.46
-38.55
-49.86
-37.4
-43.38
-45.7
-39.18
-47.29
-36.31
-46.06
-39.78
-41.08
-45.23
-42.16
-38.3
-34.04
-41.11
-44.15
-50.71
-33.9
-41.4
-39.78
-38.45
-37.32
-40.43
-49.78
-36.41
-39.16
-45.48
-38.73
-38.46
-38.55
-44.48
-39.56
-47.24
-42.36
-55.34
-41.47
-36.34
-48.48
-37.94
-46.44
-36.43
-49.08
-43.32
-48.18
-50.09
-35.84
-37.29
-39.38
-43.67
-38.73
-43.77
-33.08
-65.25
-47.26
-46.67
-38.52
-49.71
-39.92
-46.07
-42.87
-36.34
-35.78
-38.8
-45.85
-56.66
-35.62
-34.4
-37.82
-37.78
-40.63
-61.37
-54.02
-42.77
-39.01
-42.13
-32.89
-37.51
-38.26
-38.07
-38.04
-31.8
-46.25
-36.94
-31.91
-41.34
-38.22
-39.62
-41.82
-41.13
-43.99
-38.19
-49.02
-51.15
-34.61
-40.7
-37.35
-40.3
-31.54
-47.97
-37.69
-56.39
-52.09
-51.95
-31.62
-37.44
-35.16
-45.76
-47.7
-45.7
-37.24
-43.93
-31.6
-39.14
-36.95
-41.41
-39.29
-43.68
-52.11
-41.33
-40.5
-39.65
-45.82
-40.9
-45.2
-40.6
-38.43
-40.21
-43.18
-47.13
-51.14
-43.09
-39.21
-40.34
-37.44
-42.91
-33.92
-34.67
-36.91
-59.9
-36.21
-38.53
-40.44
-46.14
-41.85
-45.3
-45.94
-39.6
-38.74
-39.28
-39.22
-41.79
-44.25
-44.04
-43.61
-43.76
-44.06
-43.74
-40.35
-39.11
-48.33
-39.19
-43.32
-47.04
-43.33
-41.52
-46.03
-42.73
-39.04
-38.44
-37.46
-42.0
-39.13
-51.96
-44.75
-33.98
-37.33
-34.05
-36.17
-41.4
-41.45
-43.48
-43.07
-43.22
-48.57
-42.76
-47.8
-46.49
-41.53
-40.04
-37.03
-40.81
-33.62
-46.22
-49.99
-60.08
-34.52
-45.81
-47.82
-38.3
-33.66
-36.03
-38.99
-41.5
-37.32
-53.96
-45.93
-42.78
-29.6
-40.73
-55.17
-60.05
-39.17
-45.75
-38.6
-34.99
-36.68
-33.03
-35.24
-34.13
-46.0
-40.72
-36.15
-42.99
-53.6
-50.4
-38.93
-37.57
-33.43
-46.04
-46.37
-52.23
-32.77
-41.93
-40.26
-35.05
-34.92
-37.41
-40.47
-41.34
-36.99
-38.55
-36.51
-39.59
-36.86
-33.94
-33.77
-37.38
-33.45
-41.3
-50.63
-45.9
-38.64
-42.09
-39.53
-41.49
-35.64
-32.36
-39.56
-39.32
-40.46
-41.95
-44.17
-41.4
-35.41
-49.47
-45.1
-47.22
-41.94
-45.04
-36.64
-45.68
-41.27
-43.86
-46.65
-33.58
-34.68
-53.65
-52.2
-50.79
-45.43
-42.1
-50.35
-33.76
-39.97
-43.45
-42.79
-36.87
-42.74
-40.64
-53.23
-55.83
-44.75
-40.51
-40.13
-44.77
-38.46
-39.91
-54.43
-38.33
-31.67
-37.16
-46.25
-37.31
-42.29
-33.46
-51.46
-51.39
-52.01
-40.79
-32.28
-53.31
-36.31
-48.02
-41.38
-49.15
-44.87
-35.28
-41.2
-40.89
-48.1
-34.3
-38.8
-42.2
-38.01
-41.88
-40.4
-34.64
-56.59
-36.93
-43.63
-39.81
-39.55
-40.74
-34.39
-46.12
-35.17
-32.02
-45.48
-42.73
-41.84
-38.54
-38.64
-39.95
-42.12
-38.44
-36.0
-31.37
-39.5
-40.02
-39.69
-34.23
-48.82
-34.43
-39.89
-39.35
-53.88
-39.7
-45.51
-40.99
-39.03
-53.38
-43.09
-38.32
-35.27
-43.14
-37.78
-47.65
-40.41
-39.25
-37.38
-40.4
-42.56
-39.25
-41.76
-36.44
-41.68
-47.94
-43.98
-36.57
-57.05
-39.53
-38.81
-44.58
-40.3
-37.4
-49.79
-57.26
-40.46
-47.79
-40.84
-35.31
-62.38
-45.94
-34.47
-38.72
-39.75
-35.08
-44.58
-52.75
-41.12
-34.28
-39.03
-47.42
-44.63
-38.38
-40.64
-32.97
-42.11
-35.65
-42.0
-46.22
-42.0
-38.59
-42.7
-48.97
-38.2
-33.32
-49.12
-44.0
-34.64
-44.35
-37.63
-38.57
-46.98
-44.51
-40.82
-44.18
-35.81
-35.4
-36.14
-45.46
-44.83
-38.21
-69.82
-36.68
-69.51
-45.77
-33.85
-41.43
-39.94
-39.11
-54.22
-41.59
-49.06
-41.91
-32.04
-44.83
-43.77
-47.23
-44.75
-30.7
-40.84
-41.29
-37.72
-41.06
-34.42
-42.46
-34.39
-48.35
-31.54
-41.78
-51.63
-38.68
-34.26
-39.04
-44.18
-41.98
-42.07
-40.79
-48.72
-44.41
-40.33
-33.42
-38.05
-32.96
-42.75
-53.31
-38.2
-37.34
-35.53
-34.03
-39.73
-48.03
-40.3
-38.63
-38.01
-37.65
-33.88
-45.08
-46.86
-46.7
-46.89
-41.61
-43.89
-36.55
-40.19
-39.88
-40.06
-47.41
-44.24
-44.03
-31.54
-36.23
-43.83
-42.56
-41.07
-32.79
-32.83
-41.19
-37.26
-46.06
-36.43
-43.42
-38.25
-42.55
-40.23
-40.27
-29.14
-48.99
-38.29
-35.69
-35.18
-36.67
-49.61
-44.73
-42.95
-41.69
-36.37
-36.84
-45.38
-41.95
-37.08
-47.45
-42.11
-44.91
-47.81
-35.0
-42.84
-47.64
-43.63
-47.17
-41.67
-33.64
-45.0
-35.29
-49.36
-36.02
-47.12
-39.22
-42.21
-35.25
-44.97
-40.06
-34.83
-34.23
-44.04
-46.0
-54.44
-39.28
-44.73
-37.05
-41.69
-46.95
-46.72
-40.52
-38.33
-39.35
-41.99
-34.67
-46.39
-44.01
-39.88
-41.37
-34.84
-35.19
-30.15
-51.14
-48.55
-39.46
-45.8
-41.07
-30.98
-39.23
-51.59
-51.8
-52.84
-42.05
-34.23
-36.34
-37.14
-32.84
-49.85
-39.01
-38.89
-38.14
-41.44
-42.95
-40.22
-49.73
-34.09
-47.45
-34.06
-48.52
-49.26
-32.52
-36.13
-48.19
-40.06
-46.05
-39.13
-34.44
-40.83
-46.62
-40.4
-34.57
-38.87
-41.38
-55.53
-43.35
-50.99
-35.26
-51.52
-44.13
-39.39
-39.04
-35.17
-36.87
-36.59
-32.64
-30.6
-29.73
-50.22
-43.04
-39.63
-36.23
-49.27
-48.0
-33.55
-32.77
-37.55
-41.07
-36.77
-49.81
-43.96
-50.04
-31.8
-41.31
-37.83
-47.15
-55.57
-33.62
-33.16
-57.5
-47.84
-45.38
-35.56
-43.03
-46.73
-48.86
-35.42
-35.77
-47.19
-40.05
-41.28
-41.7
-31.74
-34.68
-42.86
-31.92
-52.92
-45.26
-43.78
-56.01
-43.41
-42.38
-36.11
-39.4
-42.49
-38.57
-34.7
-41.7
-40.34
-55.51
-33.53
-46.93
-36.1
-37.63
-33.0
-37.68
-47.38
-40.65
-42.16
-50.44
-52.05
-29.69
-44.98
-41.92
-44.57
-35.78
-35.57
-40.53
-43.8
-49.09
-45.6
-38.76
-33.4
-40.21
-39.08
-33.64
-32.15
-31.74
-38.14
-37.09
-33.35
-56.99
-32.33
-33.37
-45.21
-32.94
-40.76
-37.82
-39.87
-38.41
-48.75
-46.29
-43.4
-36.88
-34.79
-48.35
-41.87
-32.34
-33.68
-40.69
-40.88
-36.98
-37.87
-48.7
-45.69
-36.39
-46.77
-40.72
-38.67
-50.84
-37.06
-44.73
-33.26
-41.85
-47.61
-54.35
-45.5
-34.02
-42.87
-41.23
-41.06
-40.69
-39.55
-45.78
-38.92
-37.93
-40.28
-36.44
-48.43
-46.7
-39.25
-40.4
-34.16
-39.92
-36.01
-35.7
-41.58
-36.29
-34.34
-43.26
-36.91
-40.64
-39.1
-51.92
-35.78
-41.32
-45.9
-43.33
-35.24
-34.91
iteration 3
-225.65
-298.21
-332.65
-289.64
-370.8
-270.71
-322.56
-380.25
-401.95
-314.47
-390.57
-338.1
-289.21
-280.39
-303.27
-132.0
-109.09
-129.94
-111.04
-103.39
-128.62
-95.49
-83.63
-165.17
-116.16
-134.52
-105.96
-68.26
-47.8
-54.73
-44.09
-47.02
-57.35
-46.46
-49.4
-44.43
-54.25
-46.51
-39.98
-41.23
-36.09
-43.16
-39.3
-42.06
-43.08
-48.19
-39.86
-42.86
-40.93
-38.88
-43.76
-41.93
-41.23
-76.12
-52.73
-43.71
-46.79
-40.29
-40.47
-52.59
-41.14
-45.19
-41.46
-47.55
-52.97
-37.14
-52.19
-39.81
-39.47
-34.67
-44.17
-37.17
-54.39
-53.68
-64.28
-38.12
-40.29
-49.87
-40.1
-35.25
-40.36
-40.52
-42.78
-46.22
-42.45
-40.85
-41.27
-43.07
-41.57
-37.67
-49.61
-43.29
-57.72
-54.26
-42.97
-35.61
-33.29
-41.65
-53.15
-33.56
-38.88
-39.69
-39.26
-53.42
-47.67
-39.14
-37.13
-43.66
-40.43
-34.98
-37.62
-38.94
-48.62
-38.9
-44.49
-52.8
-34.57
-53.52
-39.59
-39.01
-70.49
-41.46
-43.15
-43.68
-43.56
-57.88
-40.19
-45.23
-38.48
-46.0
-45.71
-40.49
-37.5
-46.16
-35.4
-46.17
-48.89
-32.99
-34.8
-43.99
-39.63
-50.29
-46.51
-43.85
-42.88
-40.83
-35.75
-43.79
-44.88
-32.74
-43.32
-42.06
-49.11
-30.59
-40.36
-46.25
-49.42
-39.33
-40.49
-53.24
-36.89
-33.96
-31.87
-43.65
-48.56
-34.23
-35.77
-39.55
-53.38
-44.83
-41.69
-81.77
-47.94
-80.42
-68.97
-64.48
-119.19
-65.29
-122.77
-119.42
-131.99
-190.05
-287.59
-340.17
-325.66
-311.67
-372.55
-345.08
-293.5
-371.56
-314.97
-312.21
-347.34
-351.45
-352.23
-345.58
-328.89
-298.52
-279.67
-213.49
-310.34
-364.41
-335.13
-388.23
-358.98
-352.0
-251.24
-284.72
-296.83
-307.27
-327.36
-397.23
-401.92
-309.75
-320.19
-297.89
-235.96
-334.45
-275.96
-302.45
-268.09
-366.69
-352.66
-384.59
-368.36
-304.01
-352.91
-269.49
-299.38
-389.87
-373.5
-334.81
-348.39
-387.38
-290.5
-282.42
-307.25
-327.18
-342.89
-338.5
-312.19
-272.15
-292.77
-305.22
-390.36
-401.51
-294.17
-264.37
-352.59
-293.47
-333.12
-368.56
-275.73
-334.45
-370.66
-313.02
-372.01
-365.48
-320.82
-332.98
-390.37
-324.87
-363.49
-235.62
-347.97
-353.68
-352.98
-305.31
-350.46
-330.48
-324.7
-310.01
-238.18
-257.13
-328.08
-360.16
-311.33
-283.9
-288.95
-309.82
-298.74
-351.38
-352.26
-340.73
-313.9
-380.25
-290.49
-346.8
-381.62
-288.42
-327.85
-286.29
-220.09
-285.4
-297.11
-213.36
-286.67
-327.65
-287.5
-316.4
-280.62
-255.52
-294.78
-320.38
-252.9
-265.74
-269.78
-236.2
-259.67
-208.49
-264.0
-280.66
-280.92
-249.59
-236.63
-256.91
-311.69
-191.06
-237.11
-196.67
-187.26
-273.91
-262.26
-263.64
-304.25
-239.76
-218.19
-212.33
-241.28
-256.52
-260.84
-302.13
-202.45
-221.38
-236.6
-207.76
-262.18
-218.04
-295.68
-277.88
-279.28
-204.71
-237.22
-262.15
-311.64
-309.72
-314.5
-295.55
-220.67
-236.59
-195.0
-203.47
-201.39
-254.24
-165.51
-295.95
-272.97
-301.42
-266.72
-314.37
-247.29
-235.27
-286.51
-319.33
-269.23
-259.93
-267.51
-275.14
-264.43
-294.3
-202.87
-315.15
-276.25
-270.65
-317.8
-277.18
-309.26
-281.95
-319.4
-262.31
-253.23
-318.12
-273.47
-202.74
-284.88
-177.0
-293.81
-240.65
-311.23
-275.83
-268.64
-299.93
-303.08
-276.42
-291.82
-239.66
-310.28
-339.57
-317.9
-314.89
-309.5
-330.34
-291.61
-322.07
-306.16
-306.79
-336.62
-355.89
-353.94
-296.39
-378.81
-297.89
-267.07
-359.88
-298.43
-316.12
-292.51
-333.22
-338.85
-330.79
-355.19
-312.38
-302.71
-314.68
-281.85
-375.88
-383.74
-266.34
-270.21
-266.5
-238.95
-340.14
-258.96
-390.53
-372.4
-389.65
-407.59
-405.62
-404.01
-311.04
-383.39
-189.71
-371.46
-281.69
-251.7
-285.57
-300.83
-389.67
-269.17
-331.18
-347.84
-191.6
-254.46
-303.18
-312.45
-311.65
-364.47
-356.77
-245.21
-306.45
-326.98
-241.12
-334.29
-374.26
-307.95
-300.97
-336.0
-330.86
-321.05
-315.91
-333.69
-323.69
-348.4
-329.6
-311.21
-346.39
-334.24
-303.77
-328.74
-281.46
-286.68
-396.18
-314.45
-407.98
-317.95
-354.25
-316.69
-381.8
-369.43
-261.98
-231.8
-222.81
-342.99
-392.8
-273.75
-355.65
-361.03
-335.36
-346.15
-263.55
-384.75
-290.21
-309.01
-400.23
-357.48
-341.33
-352.29
-297.44
-348.86
-266.82
-354.43
-317.51
-321.31
-337.64
-281.04
-288.2
-288.56
-278.51
-344.94
-340.48
-340.26
-324.91
-254.91
-318.34
-377.23
-276.95
-366.04
-296.25
-349.36
-356.57
-356.27
-359.14
-349.92
-314.11
-357.02
-326.87
-256.24
-308.62
-355.52
-376.05
-341.97
-348.68
-311.93
-392.79
-356.66
-399.57
-359.7
-397.09
-336.75
-277.44
-279.13
-306.19
-332.65
-324.48
-246.87
-275.78
-304.52
-367.33
-308.95
-321.29
-218.56
-295.08
-292.71
-279.77
-355.43
-377.19
-310.84
-351.11
-384.74
-338.1
-300.47
-301.98
-340.74
-355.44
-312.71
-337.73
-396.54
-403.12
-323.36
-356.29
-352.34
-314.11
-333.4
-332.9
-301.08
-292.66
-289.89
-272.72
-245.58
-314.54
-234.73
-287.07
-300.82
-272.79
-336.42
-329.07
-303.73
-308.97
-311.86
-297.44
-284.34
-318.84
-259.78
-248.74
-237.86
-248.86
-250.14
-224.44
-253.23
-241.34
-220.82
-227.59
-201.36
-178.05
-203.27
-160.67
-173.21
-186.51
-153.95
-191.82
-142.53
-134.97
-143.05
-147.26
-148.11
-144.55
-114.86
-94.09
-114.17
-106.52
-126.47
-129.79
-109.44
-101.95
-92.3
-100.29
-93.08
-143.98
-93.2
-73.34
-83.44
-105.78
-88.78
-96.08
-71.44
-88.99
-95.0
-71.45
-66.21
-73.36
-66.51
-59.82
-121.13
-67.42
-52.21
-64.05
-59.36
-74.03
-61.1
-62.62
-76.93
-70.46
-57.56
-53.23
-52.81
-51.91
-67.18
-48.95
-51.73
-56.81
-50.2
-47.75
-52.62
-40.34
-51.58
-56.38
-43.94
-39.05
-45.65
-39.61
-42.21
-49.96
-59.0
-41.27
-44.65
-47.73
-43.13
-38.2
-48.29
-38.23
-38.86
-48.21
-42.96
-57.65
-46.89
-46.73
-40.36
-42.09
-36.9
-46.12
-51.35
-46.72
-40.22
-58.89
-48.49
-41.78
-45.52
-44.07
-37.99
-38.87
-40.6
-46.51
-40.35
-41.66
-38.59
-58.57
-64.78
-43.51
-47.12
-47.97
-37.44
-52.03
-38.31
-55.57
-41.1
-40.97
-48.49
-50.64
-50.03
-58.79
-32.3
-36.82
-43.87
-41.99
-50.77
-52.36
-42.21
-41.45
-46.51
-44.2
-40.73
-44.56
-41.23
-37.91
-43.26
-41.82
-39.88
-41.73
-34.61
-50.05
-37.33
-52.74
-38.34
-41.32
-46.72
-48.16
-48.85
-42.5
-42.88
-42.45
-41.33
-46.08
-40.08
-53.81
-41.43
-43.34
-38.23
-45.4
-57.11
-36.7
-48.68
-51.63
-42.22
-37.63
-34.83
-44.13
-59.93
-45.12
-38.37
-60.55
-42.64
-48.68
-44.72
-51.15
-47.47
-37.82
-38.87
-45.06
-32.72
-35.51
-49.68
-47.54
-45.1
-59.1
-41.56
-50.08
-44.66
-37.3
-44.23
-52.84
-56.81
-40.91
-55.13
-56.58
-39.6
-42.89
-47.14
-43.95
-48.71
-45.7
-41.39
-42.43
-45.27
-40.03
-49.37
-41.54
-36.3
-56.52
-49.18
-41.19
-40.17
-48.26
-57.24
-53.08
-53.25
-43.01
-41.23
-32.68
-40.18
-45.46
-51.81
-38.44
-47.05
-41.7
-43.3
-42.22
-48.86
-44.09
-60.64
-42.01
-38.44
-41.96
-48.53
-41.63
-40.56
-51.46
-52.29
-40.35
-43.21
-38.14
-33.01
-57.29
-44.3
-37.24
-43.82
-42.73
-39.96
-66.23
-32.31
-41.03
-47.62
-47.98
-40.76
-40.3
-46.76
-41.94
-49.46
-35.08
-38.35
-44.8
-43.81
-35.19
-38.73
-47.32
-38.93
-44.26
-39.19
-41.58
-43.82
-40.46
-35.16
-41.71
-34.13
-35.19
-33.55
-35.06
-53.21
-55.23
-44.2
-38.05
-42.63
-34.5
-60.61
-47.46
-51.74
-52.18
-41.03
-37.11
-59.48
-44.69
-48.71
-46.99
-39.99
-52.92
-45.78
-54.75
-44.13
-37.0
-42.84
-35.92
-96.36
-45.7
-52.85
-46.65
-60.6
-57.34
-83.86
-43.24
-58.2
-52.31
-72.79
-52.95
-57.15
-87.56
-60.95
-74.9
-69.44
-73.66
-73.39
-55.8
-59.74
-59.37
-83.47
-78.13
-65.83
-80.78
-59.99
-66.73
-73.14
-123.92
-78.66
-110.51
-87.53
-84.32
-68.49
-142.16
-127.6
-101.53
-138.68
-131.96
-113.04
-113.49
-214.97
-94.47
-104.21
-94.14
-123.51
-130.42
-75.24
-68.0
-72.06
-114.72
-122.66
-80.71
-79.9
-88.09
-65.92
-83.01
-91.62
-58.44
-65.07
-83.91
-73.7
-68.38
-64.69
-60.47
-79.84
-48.44
-68.9
-57.65
-81.96
-61.47
-60.46
-53.36
-89.75
-58.06
-52.16
-57.78
-74.7
-93.68
-60.44
-68.37
-83.63
-72.74
-77.58
-92.03
-60.73
-73.29
-57.24
-64.01
-79.08
-75.84
-89.88
-57.89
-91.18
-60.83
-45.66
-66.26
-61.32
-85.6
-43.9
-64.06
-81.81
-77.02
-51.53
-83.02
-60.91
-56.16
-64.83
-48.09
-59.04
-93.03
-48.55
-70.68
-116.17
-96.67
-79.05
-51.75
-65.77
-80.42
-69.18
-48.62
-80.36
-69.19
-101.09
-109.22
-78.31
-129.61
-94.66
-84.24
-109.28
-54.26
-62.63
-73.85
-103.23
-146.3
-68.44
-123.88
-77.92
-98.61
-120.96
-119.74
-122.74
-111.5
-81.85
-76.4
-118.3
-109.76
-76.29
-86.85
-91.87
-74.37
-100.33
-125.56
-116.98
-103.89
-107.66
-130.93
-176.54
-215.14
-232.63
-286.54
-301.28
-270.13
-168.08
-309.16
-335.07
-327.6
-402.45
-404.16
-402.85
-375.82
-359.34
-225.25
-303.8
-313.69
-222.49
-311.47
-350.89
-330.37
-291.47
-378.86
-403.91
-312.91
-294.17
-259.75
-294.95
-272.24
-322.93
-324.47
-319.06
-333.48
-287.03
-354.27
-342.63
-403.05
-377.77
-290.3
-347.3
-362.33
-339.46
-265.53
-276.02
-323.08
-316.41
-293.2
-385.66
-333.98
-287.53
-293.35
-279.36
-277.15
-325.1
-330.56
-281.22
-385.95
-402.84
-402.83
-403.98
-365.89
-284.57
-274.69
-361.52
-255.85
-196.47
-343.92
-344.48
-279.2
-346.24
-274.61
-278.43
-329.34
-396.54
-357.83
-349.36
-328.47
-277.03
-340.49
-368.53
-333.53
-292.98
-382.9
-321.65
-232.47
-335.74
-303.2
-191.19
-350.44
-300.13
-346.3
-348.63
-270.56
-208.64
-352.46
-314.42
-352.57
-314.9
-391.56
-328.28
-264.17
-357.25
-361.66
-215.97
-292.09
-347.52
-351.28
-354.67
-352.49
-359.12
-327.84
-377.59
-375.45
-351.03
-388.25
-387.56
-269.37
-204.38
-289.26
-275.18
-322.75
-274.51
-192.51
-260.3
-313.77
-342.71
-166.86
-316.62
-367.56
-291.18
-307.45
-322.11
-352.16
-389.65
-357.9
-333.51
-335.67
-367.76
-362.83
-295.18
-307.72
-293.35
-340.34
-354.86
-306.9
-309.25
-359.46
-277.45
-321.85
-403.5
-313.6
-346.92
-383.87
-304.14
-343.22
-342.7
-328.76
-338.12
-335.88
-280.51
-233.79
-316.29
-402.47
-402.77
-370.48
-221.09
-332.77
-284.8
-324.72
-353.99
-345.32
-332.0
-299.89
-268.83
-294.74
-298.14
-282.59
-340.61
-335.54
-332.46
-329.12
-324.58
-270.83
-268.81
-277.31
-305.09
-402.47
-353.2
-363.69
-394.33
-363.92
-354.18
-266.2
-275.42
-311.75
-259.34
-312.25
-284.54
-317.33
-328.89
-348.35
-344.63
-303.18
-338.43
-246.84
-292.73
-335.74
-267.86
-298.3
-252.29
-323.6
-311.1
-375.6
-329.47
-399.49
-343.42
-311.58
-348.84
-257.02
-282.65
-367.06
-271.12
-327.23
-365.76
-341.98
-349.1
-378.42
-403.93
-356.37
-296.02
-291.17
-357.88
-259.95
-328.45
-368.07
-403.37
-344.59
-298.42
-368.55
-361.13
-303.87
-265.94
-364.87
-364.79
-403.67
-344.84
-282.71
-302.33
-329.54
-360.07
-357.33
-355.1
-297.75
-346.27
-276.45
-283.77
-289.5
-369.05
-363.4
-297.47
-287.71
-360.68
-353.3
-333.11
-276.23
-307.29
-376.24
-325.83
-354.46
-271.33
-298.64
-303.3
-391.71
-281.85
-201.93
-314.59
-331.03
-304.19
-306.69
-307.87
-307.22
-212.45
-368.12
-296.31
-275.25
-347.42
-336.06
-370.15
-311.22
-311.11
-263.08
-261.48
-283.31
-274.07
-242.37
-204.55
-201.25
-110.9
-86.52
-112.13
-86.58
-69.69
-81.52
-104.23
-86.58
-88.38
-73.17
-73.01
-104.63
-70.01
-145.23
-89.39
-84.38
-72.0
-116.83
-77.73
-49.63
-55.78
-134.37
-96.38
-154.19
-70.19
-99.27
-59.72
-98.12
-91.12
-74.87
-63.62
-58.61
-65.88
-67.11
-76.63
-70.14
-59.51
-72.0
-72.39
-51.18
-64.51
-51.41
-85.06
-60.81
-64.38
-59.23
-89.56
-78.66
-73.05
-61.74
-59.96
-86.47
-56.95
-59.47
-53.65
-57.51
-81.68
-88.38
-107.07
-67.12
-84.53
-112.85
-80.9
-81.83
-69.6
-69.79
-67.13
-84.77
-66.42
-68.91
-62.7
-74.36
-78.37
-67.26
-78.14
-75.11
-59.67
-77.37
-57.1
-65.18
-58.21
-69.82
-61.69
-56.6
-90.06
-85.6
-66.47
-84.13
-56.27
-80.5
-69.62
-81.65
-64.05
-54.15
-56.27
-65.37
-64.59
-49.98
-62.16
-58.86
-67.78
-59.71
-51.66
-59.94
-59.12
-71.06
-64.84
-68.35
-72.96
-57.47
-62.16
-72.43
-78.81
-48.59
-62.31
-47.83
-62.02
-46.0
-50.17
-51.28
-71.21
-61.42
-41.35
-49.04
-43.38
-42.44
-59.53
-42.14
-46.93
-48.09
-41.26
-43.57
-46.79
-69.37
-54.82
-43.23
-39.68
-44.62
-39.34
-40.95
-44.72
-42.83
-48.79
-44.67
-46.48
-43.36
-53.8
-57.7
-41.26
-53.4
-52.16
-53.01
-50.53
-51.12
-49.47
-72.39
-57.91
-44.34
-47.23
-47.77
-53.93
-49.13
-45.44
-48.49
-46.47
-53.82
-50.69
-54.37
-49.57
-38.92
-41.85
-51.91
-35.81
-39.65
-50.16
-40.39
-45.18
-50.81
-45.79
-43.86
-41.72
-43.4
-68.68
-45.18
-38.12
-53.49
-41.46
-43.86
-43.56
-41.42
-41.95
-57.2
-35.66
-50.01
-54.66
-43.57
-40.42
-68.23
-49.24
-45.17
-52.46
-41.41
-37.08
-44.81
-53.23
-40.17
-47.87
-49.85
-40.21
-38.09
-51.79
-41.74
-42.26
-49.9
-42.17
-47.06
-37.95
-45.43
-59.21
-45.79
-56.19
-39.62
-41.1
-57.92
-53.68
-62.81
-56.03
-53.75
-40.97
-49.25
-40.35
-39.18
-50.42
-55.16
-43.25
-47.14
-43.28
-38.99
-46.83
-45.86
-44.06
-38.74
-46.73
-61.79
-51.87
-43.11
-46.87
-46.25
-51.21
-50.53
-49.2
-60.37
-43.6
-55.83
-48.1
-49.41
-48.92
-50.21
-48.56
-65.49
-56.5
-49.26
-52.6
-62.9
-58.57
-55.83
-51.08
-51.68
-60.6
-63.25
-54.18
-50.11
-52.18
-46.81
-52.69
-62.9
-56.87
-44.71
-51.92
-70.62
-44.71
-44.1
-49.69
-57.63
-43.55
-47.7
-50.36
-52.46
-51.21
-59.54
-52.54
-52.37
-43.83
-44.35
-48.84
-58.35
-48.6
-48.19
-47.06
-61.37
-54.7
-43.87
-45.26
-46.2
-43.03
-48.92
-39.93
-38.58
-38.77
-49.84
-54.92
-42.83
-41.69
-48.59
-47.47
-50.14
-48.03
-52.57
-47.97
-43.97
-53.48
-48.88
-50.23
-46.88
-41.36
-40.89
-45.96
-41.45
-42.81
-41.24
-47.82
-45.21
-38.02
-41.24
-53.94
-42.35
-40.0
-57.11
-42.63
-51.1
-38.72
-47.2
-49.14
-40.29
-52.63
-38.48
-50.75
-51.59
-52.53
-58.2
-47.46
-45.79
-48.6
-46.45
-47.71
-52.36
-43.39
-47.8
-46.56
-53.2
-48.5
-48.89
-44.65
-49.31
-55.29
-53.59
-46.45
-47.38
-45.38
-56.34
-43.42
-44.67
-39.61
-53.1
-50.51
-46.7
-51.8
-56.21
-39.97
-43.51
-39.35
-73.08
-45.71
-49.86
-44.56
-46.58
-53.89
-48.15
-50.28
-43.67
-45.99
-46.44
-43.49
-44.03
-48.64
-55.41
-47.27
-56.66
-54.86
-49.79
-56.93
-42.55
-47.04
-45.47
-39.29
-43.82
-54.95
-41.81
-45.03
-49.16
-53.54
-41.17
-52.57
-43.7
-48.86
-50.27
-50.91
-48.42
-48.09
-41.24
-42.09
-51.58
-50.01
-38.44
-54.03
-50.38
-47.15
-52.39
-43.27
-38.89
-39.25
-39.17
-39.08
-41.53
-44.81
-41.44
-47.59
-44.88
-52.74
-50.46
-45.51
-43.59
-46.16
-46.91
-45.17
-51.93
-52.52
-50.0
-42.48
-44.9
-53.04
-45.68
-42.21
-44.19
-41.77
-39.16
-42.21
-62.99
-55.88
-37.76
-45.23
-38.2
-42.5
-41.94
-43.97
-50.18
-39.84
-41.94
-49.35
-53.46
-43.99
-49.3
-38.25
-41.57
-41.59
-36.31
-37.46
-44.71
-44.84
-48.95
-42.0
-44.06
-39.79
-49.87
-42.15
-41.09
-48.52
-39.82
-49.75
-42.85
-50.66
-50.71
-38.85
-37.46
-38.74
-36.7
-60.24
-46.6
-42.72
-41.62
-37.19
-39.09
-40.33
-35.91
-47.57
-43.92
-34.3
-45.35
-46.15
-45.64
-39.17
-44.68
-49.36
-40.14
-41.61
-43.38
-43.31
-45.84
-35.08
-44.02
-38.5
-42.84
-39.62
-46.02
-44.75
-38.8
-34.52
-51.11
-41.25
-37.02
-41.8
-40.25
-34.79
-35.39
-49.0
-49.34
-38.41
-52.55
-43.76
-42.98
-42.55
-39.16
-37.74
-35.94
-41.59
-41.48
-43.34
-40.38
-44.08
-41.25
-48.63
-42.76
-36.58
-35.64
-41.88
-41.14
-32.47
-37.57
-64.93
-38.28
-45.86
-50.92
-46.48
-39.11
-41.29
-37.56
-34.73
-32.94
-36.27
-40.37
-39.02
-43.4
-43.49
-52.59
-35.83
-41.33
-40.69
-50.77
-49.54
-40.42
-32.3
-49.27
-44.54
-49.65
-45.61
-41.16
-47.49
-51.86
-43.2
-38.93
-64.84
-53.52
-50.73
-36.17
-33.91
-42.21
-34.4
-42.81
-40.02
-39.53
-43.96
-36.67
-38.97
-42.31
-37.4
-48.04
-35.87
-38.67
-40.5
-33.56
-39.78
-34.58
-46.54
-36.71
-35.76
-41.76
-38.95
-31.9
-36.14
-37.31
-35.11
-38.01
-34.59
-35.54
iteration 4
-248.63
-396.6
-321.53
-368.91
-306.01
-295.92
-352.67
-313.19
-342.39
-403.57
-405.44
-252.78
-218.48
-341.67
-341.09
-325.11
-294.35
-297.58
-198.95
-230.9
-115.69
-159.52
-235.65
-147.89
-137.47
-124.23
-96.66
-154.57
-106.02
-75.97
-78.88
-78.51
-90.32
-82.98
-75.55
-82.34
-69.95
-68.92
-64.39
-61.46
-57.19
-56.89
-66.63
-56.22
-86.74
-56.46
-70.35
-53.5
-43.12
-43.92
-53.89
-58.04
-44.43
-44.71
-53.57
-53.89
-40.16
-55.82
-46.99
-47.08
-64.75
-41.33
-57.12
-36.53
-57.23
-47.48
-46.01
-43.37
-53.13
-41.43
-43.22
-42.27
-52.63
-41.52
-56.93
-41.44
-48.78
-40.12
-58.2
-60.89
-44.19
-51.61
-48.66
-40.43
-42.33
-48.73
-42.76
-31.75
-46.17
-42.85
-48.61
-43.85
-41.32
-38.98
-58.97
-41.39
-34.5
-39.85
-44.01
-41.18
-34.91
-41.34
-44.94
-36.41
-39.81
-36.88
-38.61
-38.12
-44.05
-36.2
-42.84
-38.8
-35.85
-39.35
-42.31
-36.47
-35.47
-49.44
-45.59
-42.17
-49.78
-40.26
-49.14
-42.02
-42.76
-36.45
-33.33
-33.2
-44.15
-46.57
-40.48
-36.04
-36.83
-49.16
-42.5
-49.73
-39.56
-41.24
-34.97
-41.61
-54.41
-49.32
-77.24
-43.45
-38.18
-39.37
-56.08
-36.77
-41.73
-40.36
-43.28
-45.12
-60.31
-40.54
-42.15
-57.75
-53.06
-45.95
-42.7
-41.72
-42.64
-43.33
-37.35
-41.1
-51.35
-46.04
-56.09
-51.41
-34.99
-38.98
-47.63
-56.8
-32.6
-40.27
-43.46
-34.58
-41.87
-52.41
-47.34
-39.6
-43.58
-42.8
-37.09
-35.51
-48.87
-41.26
-42.32
-41.53
-38.22
-41.37
-40.34
-52.87
-39.85
-42.46
-77.66
-42.13
-40.81
-49.32
-47.86
-35.52
-63.03
-48.13
-60.44
-41.8
-43.61
-48.64
-44.52
-46.7
-42.04
-39.17
-43.08
-47.67
-38.79
-42.17
-57.8
-41.04
-43.03
-47.33
-49.38
-46.84
-46.69
-54.09
-50.46
-40.72
-46.88
-38.33
-42.57
-40.89
-42.38
-44.18
-47.77
-39.37
-48.7
-36.31
-59.17
-47.18
-34.24
-46.92
-42.35
-53.01
-43.07
-59.33
-39.05
-40.3
-41.45
-38.01
-47.07
-46.31
-42.48
-41.8
-45.49
-40.75
-43.94
-47.24
-47.93
-53.89
-51.49
-37.91
-41.69
-44.82
-42.15
-56.92
-48.86
-44.59
-42.23
-56.81
-41.79
-43.78
-36.74
-40.34
-42.45
-46.28
-46.5
-39.43
-46.49
-48.81
-37.55
-56.48
-42.64
-42.84
-40.84
-40.68
-36.49
-55.26
-38.0
-44.32
-46.81
-41.2
-38.76
-48.71
-41.35
-38.69
-55.89
-42.66
-45.88
-46.18
-41.23
-42.17
-43.79
-44.45
-55.13
-35.3
-37.95
-38.03
-74.61
-66.87
-38.78
-44.27
-35.83
-50.65
-46.0
-42.08
-51.59
-42.81
-41.45
-47.71
-33.18
-36.14
-41.51
-44.5
-50.87
-47.71
-37.73
-49.4
-33.88
-41.39
-31.34
-47.84
-34.84
-34.61
-37.24
-34.96
-41.72
-46.14
-36.28
-38.99
-33.7
-49.44
-37.07
-37.43
-52.31
-49.44
-40.64
-37.59
-47.31
-50.71
-42.91
-51.81
-36.93
-43.41
-49.79
-44.51
-35.12
-40.76
-47.36
-38.39
-35.72
-39.87
-37.88
-35.44
-32.36
-40.15
-46.51
-45.78
-43.66
-43.35
-40.84
-54.67
-47.21
-45.82
-40.8
-38.23
-45.14
-36.59
-46.22
-47.12
-48.34
-47.64
-46.67
-46.15
-45.16
-41.81
-35.4
-45.83
-44.95
-45.55
-45.96
-39.0
-36.13
-43.06
-40.79
-41.28
-40.53
-53.63
-37.62
-45.09
-47.55
-64.84
-37.82
-39.54
-36.54
-42.05
-42.88
-44.69
-38.35
-33.2
-46.4
-40.12
-47.15
-37.12
-42.04
-46.03
-34.87
-43.16
-42.49
-48.29
-44.08
-41.34
-43.92
-49.78
-49.96
-42.3
-38.16
-41.93
-50.88
-32.25
-41.0
-36.5
-47.29
-45.48
-55.51
-49.51
-54.49
-40.56
-43.9
-42.44
-36.93
-41.25
-41.76
-39.41
-50.12
-37.77
-37.73
-52.97
-48.75
-45.45
-45.64
-43.94
-36.4
-62.65
-34.38
-41.7
-36.45
-37.32
-45.15
-45.98
-35.08
-58.17
-47.66
-42.02
-41.24
-49.03
-35.93
-39.5
-50.64
-47.42
-49.44
-38.66
-36.68
-61.27
-49.78
-45.83
-50.59
-36.4
-49.17
-44.1
-43.62
-38.76
-36.5
-42.02
-59.29
-41.71
-47.51
-45.07
-54.58
-37.69
-38.84
-43.43
-43.65
-40.52
-36.81
-46.57
-69.32
-43.19
-39.06
-44.42
-51.72
-35.61
-45.52
-38.82
-41.59
-39.81
-36.89
-33.66
-39.01
-46.15
-41.03
-46.49
-36.88
-41.28
-50.05
-50.18
-41.24
-40.79
-45.82
-58.84
-43.77
-38.03
-61.03
-61.21
-38.62
-50.14
-47.94
-49.35
-37.91
-46.25
-36.98
-46.55
-34.59
-44.58
-41.0
-47.31
-39.77
-39.83
-49.02
-43.59
-51.72
-35.11
-38.35
-48.65
-51.37
-58.44
-41.8
-39.13
-45.2
-38.71
-46.87
-31.6
-45.82
-35.47
-34.3
-51.12
-48.93
-33.97
-34.22
-42.92
-41.35
-50.89
-48.19
-39.89
-49.31
-40.08
-45.75
-46.34
-48.81
-48.78
-37.54
-44.07
-36.74
-48.56
-40.46
-49.13
-46.49
-48.22
-48.71
-36.11
-45.19
-48.93
-58.6
-45.88
-39.14
-45.54
-49.73
-37.21
-56.37
-39.23
-38.99
-60.62
-48.93
-44.04
-38.49
-45.31
-43.9
-49.12
-45.88
-33.86
-41.98
-40.59
-47.49
-40.21
-45.13
-47.19
-35.9
-37.88
-44.0
-38.17
-45.76
-45.94
-41.37
-41.58
-44.05
-45.02
-39.29
-42.13
-43.83
-37.17
-39.2
-37.9
-43.97
-51.98
-35.91
-38.46
-40.41
-37.55
-59.95
-37.39
-43.05
-39.27
-36.65
-43.68
-42.99
-41.98
-41.45
-49.14
-42.19
-45.53
-37.74
-42.74
-50.75
-79.69
-36.83
-33.83
-36.41
-43.75
-37.87
-47.37
-50.71
-44.73
-42.27
-35.94
-40.84
-37.5
-57.14
-43.73
-41.33
-51.8
-35.92
-41.02
-41.44
-43.1
-43.73
-38.2
-37.26
-45.62
-45.16
-41.31
-40.92
-38.98
-41.76
-42.16
-78.37
-44.71
-52.02
-45.27
-51.79
-42.23
-49.02
-40.75
-41.51
-43.64
-38.39
-40.9
-49.21
-42.41
-43.19
-40.2
-40.34
-46.39
-59.54
-40.87
-38.98
-43.51
-40.48
-43.98
-42.46
-41.15
-41.52
-43.38
-50.73
-40.85
-43.42
-32.0
-46.45
-40.27
-51.78
-50.37
-44.39
-40.6
-49.89
-59.53
-42.8
-45.16
-40.48
-43.34
-42.3
-51.19
-39.54
-43.63
-45.11
-48.44
-54.09
-42.89
-64.19
-40.32
-40.81
-40.98
-50.35
-37.85
-48.28
-41.22
-35.73
-43.75
-43.99
-41.48
-38.59
-44.85
-36.79
-45.82
-52.46
-49.32
-54.09
-59.31
-35.53
-41.51
-45.48
-39.9
-43.02
-38.87
-43.16
-45.14
-37.62
-36.33
-43.06
-39.39
-62.34
-52.77
-35.48
-43.65
-37.61
-46.47
-41.88
-48.82
-40.0
-43.58
-39.76
-37.78
-39.44
-40.55
-39.11
-38.43
-35.36
-43.8
-36.63
-41.4
-56.24
-33.77
-43.61
-38.85
-50.36
-41.8
-36.84
-36.1
-38.64
-48.24
-43.04
-37.47
-39.27
-38.04
-42.16
-38.37
-38.13
-37.36
-38.12
-40.96
-34.24
-51.79
-41.78
-41.94
-35.52
-51.97
-37.32
-46.53
-40.63
-38.92
-53.9
-40.03
-44.88
-48.83
-34.04
-45.96
-45.53
-36.81
-35.01
-37.9
-45.39
-44.97
-39.68
-38.31
-51.6
-39.97
-36.35
-40.64
-39.88
-54.64
-37.87
-44.15
-37.24
-44.48
-43.24
-41.12
-43.04
-36.17
-41.1
-40.79
-41.3
-43.22
-40.05
-56.16
-39.07
-39.48
-48.04
-40.1
-43.3
-41.69
-41.37
-40.21
-35.5
-51.38
-57.89
-33.48
-42.84
-38.86
-35.67
-52.08
-39.79
-49.28
-37.35
-54.63
-35.21
-39.13
-43.1
-38.68
-42.19
-50.3
-38.15
-40.66
-41.49
-41.73
-42.83
-39.82
-47.76
-41.73
-42.77
-39.01
-39.94
-43.48
-44.91
-38.16
-45.04
-45.43
-37.75
-51.13
-39.11
-42.38
-50.08
-38.42
-45.22
-57.77
-38.63
-46.8
-37.16
-69.71
-41.01
-37.39
-52.26
-49.94
-41.45
-43.31
-49.9
-38.12
-44.58
-40.96
-50.21
-38.66
-35.6
-40.47
-37.74
-42.94
-44.28
-41.06
-44.91
-40.07
-53.14
-48.8
-40.52
-54.12
-35.89
-41.61
-40.7
-45.79
-47.43
-36.06
-49.07
-37.26
-37.46
-48.69
-34.47
-51.44
-45.72
-37.78
-40.04
-31.73
-45.95
-39.96
-51.45
-46.35
-42.76
-40.78
-40.5
-46.34
-39.92
-34.3
-35.01
-50.84
-35.62
-43.99
-31.62
-34.34
-42.82
-36.55
-33.85
-36.85
-48.18
-55.93
-43.82
-49.24
-45.79
-41.54
-37.03
-46.62
-42.02
-50.62
-51.8
-49.52
-46.29
-40.11
-37.56
-31.81
-35.05
-46.88
-45.73
-40.11
-45.1
-41.62
-32.32
-49.52
-39.48
-42.56
-33.91
-39.85
-45.69
-49.26
-70.92
-74.47
-34.09
-42.73
-41.79
-39.33
-44.49
-36.87
-47.95
-55.45
-42.5
-41.63
-38.87
-38.4
-37.34
-45.64
-44.7
-35.01
-56.32
-36.45
-38.12
-49.21
-38.83
-65.85
-39.68
-36.73
-34.95
-34.25
-48.95
-35.61
-40.23
-34.75
-42.62
-41.92
-42.95
-37.22
-44.31
-44.82
-36.59
-41.5
-41.21
-51.06
-38.85
-34.82
-40.23
-43.0
-31.98
-42.82
-42.63
-38.14
-42.9
-59.09
-33.36
-40.46
-42.31
-31.38
-40.54
-41.44
-52.21
-39.39
-44.61
-56.11
-38.39
-34.26
-42.08
-52.84
-44.19
-48.71
-40.24
-39.68
-45.55
-39.61
-44.55
-44.11
-34.11
-38.56
-44.12
-48.04
-47.61
-38.23
-36.24
-33.71
-49.56
-40.62
-47.5
-38.63
-46.04
-41.14
-54.85
-38.68
-40.02
-48.25
-43.27
-38.67
-35.79
-35.02
-43.43
-45.36
-40.27
-37.63
-42.52
-47.82
-49.21
-39.54
-47.19
-39.63
-46.05
-41.42
-46.9
-36.34
-41.23
-36.79
-41.19
-49.54
-43.21
-43.83
-37.58
-45.19
-49.22
-38.67
-39.55
-40.83
-37.02
-45.6
-37.08
-40.17
-41.02
-55.65
-37.43
-42.54
-45.69
-37.33
-33.82
-33.67
-42.68
-51.56
-40.08
-57.98
-33.03
-46.55
-38.91
-40.57
-41.74
-66.11
-37.25
-45.96
-42.38
-45.51
-48.47
-32.53
-37.08
-39.06
-41.72
-38.97
-38.04
-51.5
-60.62
-74.53
-44.74
-50.74
-49.52
-52.55
-39.07
-38.46
-44.17
-43.31
-36.35
-37.58
-44.05
-30.86
-43.35
-36.34
-41.14
-47.79
-38.09
-51.5
-38.17
-48.75
-46.69
-51.48
-36.3
-37.7
-40.4
-37.48
-46.94
-49.98
-39.38
-32.83
-34.9
-37.35
-62.81
-42.43
-39.44
-43.97
-35.61
-43.78
-42.44
-55.24
-40.58
-36.59
-37.43
-36.84
-36.43
-33.53
-36.67
-48.62
-36.15
-41.53
-40.44
-47.05
-38.58
-41.15
-39.64
-51.44
-39.27
-48.7
-34.78
-36.92
-51.8
-54.78
-45.11
-42.19
-49.17
-39.22
-40.89
-42.77
-53.97
-55.5
-37.35
-59.02
-39.99
-59.51
-66.88
-40.74
-44.13
-43.01
-41.92
-51.75
-60.19
-34.65
-38.57
-45.62
-39.49
-41.86
-45.09
-42.5
-46.25
-40.44
-43.19
-40.13
-39.71
-50.74
-42.64
-48.87
-42.88
-36.61
-36.98
-34.56
-35.2
-57.27
-43.03
-43.67
-34.33
-42.09
-39.69
-42.78
-41.3
-39.67
-44.24
-55.4
-49.23
-50.37
-36.61
-38.16
-34.11
-38.31
-41.18
-40.66
-54.39
-53.08
-45.98
-35.4
-44.44
-43.13
-42.67
-46.05
-39.17
-46.81
-35.35
-43.99
-38.4
-48.82
-37.74
-54.8
-43.34
-40.55
-34.8
-42.59
-49.81
-45.13
-40.8
-56.53
-34.54
-42.61
-43.67
-47.07
-42.6
-46.62
-43.48
-43.79
-36.05
-35.54
-43.27
-35.75
-31.45
-46.59
-45.25
-42.43
-41.2
-47.97
-49.24
-39.78
-35.17
-38.35
-42.2
-44.09
-60.57
-34.32
-47.76
-119.95
-39.96
-38.14
-38.74
-38.26
-42.25
-46.1
-56.18
-42.97
-47.58
-44.39
-36.41
-38.96
-36.59
-43.88
-48.87
-50.34
-50.83
-46.36
-40.3
-40.44
-43.08
-39.13
-46.61
-55.0
-42.07
-35.64
-50.16
-46.85
-30.74
-40.89
-36.56
-37.51
-39.57
-44.78
-43.51
-48.88
-49.38
-48.9
-41.51
-34.14
-49.57
-33.06
-34.34
-39.65
-44.92
-40.48
-36.4
-58.66
-38.92
-30.72
-39.11
-40.92
-50.86
-53.15
-54.66
-33.2
-41.75
-34.37
-37.88
-38.34
-39.83
-38.86
-42.64
-37.04
-55.31
-45.27
-53.86
-48.29
-39.25
-56.82
-59.69
-38.5
-43.17
-44.48
-46.49
-48.97
-43.8
-43.91
-34.76
-33.19
-36.49
-45.03
-41.7
-51.96
-69.17
-44.95
-39.71
-37.37
-37.29
-40.29
-45.25
-38.8
-45.77
-53.83
-41.34
-36.96
-41.88
-45.02
-46.57
-44.59
-48.94
-39.56
-52.96
-48.99
-41.1
-39.67
-42.65
-37.76
-37.7
-38.14
-38.92
-37.18
-38.97
-37.05
-41.82
-43.28
-39.94
-39.19
-34.57
-40.53
-38.52
-33.66
-46.32
-43.11
-36.07
-34.88
-43.54
-41.54
-50.79
-55.3
-48.91
-41.74
-45.01
-58.72
-52.89
-39.82
-39.07
-42.37
-42.97
-41.97
-45.27
-34.22
-34.5
-48.6
-43.4
-44.67
-41.58
-49.96
-41.03
-39.46
-48.62
-45.51
-37.53
-47.01
-73.75
-39.48
-42.97
-49.85
-38.74
-56.69
-48.52
-36.54
-39.72
-46.74
-31.61
-47.05
-34.25
-40.06
-52.04
-35.83
-41.84
-52.03
-45.02
-40.04
-36.35
-54.51
-45.22
-40.67
-36.77
-48.49
-46.29
-44.4
-42.46
-38.75
-43.87
-39.59
-35.98
-39.21
-42.5
-41.42
-53.4
-42.25
-48.22
-44.22
-38.62
-44.57
-40.58
-45.9
-37.65
-63.68
-40.17
-47.3
-39.52
-44.64
-37.93
-35.42
-58.49
-41.46
-46.77
-41.58
-37.73
-45.76
-53.21
-43.0
-40.19
-54.11
-67.76
-43.54
-69.18
-53.31
-44.75
-38.12
-49.74
-33.63
-48.95
-42.05
-40.06
-44.92
-40.22
-58.65
-56.62
-40.62
-42.08
-39.19
-53.02
-46.96
-43.32
-40.99
-50.63
-47.37
-40.22
-44.6
-42.87
-39.88
-37.6
-58.87
-37.3
-37.91
-50.12
-41.49
-47.52
-41.73
-41.16
-41.42
-45.99
-44.35
-56.08
-40.87
-48.81
-43.74
-39.03
-36.14
-44.17
-51.66
-36.49
-42.75
-52.56
-52.86
-49.02
-37.44
-38.2
-48.58
-43.51
-45.7
-39.56
-33.96
-61.39
-47.65
-47.47
-36.81
-55.92
-44.33
-45.29
-45.84
-41.96
-51.54
-45.46
-44.86
-61.77
-43.82
-39.72
-51.77
-55.94
-58.06
-43.2
-38.77
-41.53
-43.81
-37.43
-41.06
-61.7
-45.02
-44.62
-36.05
-42.81
-36.16
-44.2
-37.82
-43.37
-43.86
-35.02
-40.34
-34.72
-43.9
-41.86
-40.75
-41.79
-42.1
-42.22
-56.19
-44.29
-37.41
-37.0
-41.46
-55.89
-41.35
-48.97
-44.59
-41.3
-43.07
-33.0
-53.72
-35.55
-43.24
-50.2
-44.98
-41.26
-40.81
-54.02
-52.22
-31.52
-45.11
-39.84
-43.71
-53.17
-47.84
-41.11
-51.99
-49.39
-34.47
-37.39
-46.78
-36.71
-43.56
-43.2
-46.67
-56.62
-50.86
-42.27
-35.8
-36.21
-45.51
-41.29
-49.89
-41.75
-35.86
-51.37
-38.62
-56.54
-36.64
-50.89
-39.97
-41.27
-56.76
-39.25
-33.78
-36.36
-44.92
-46.91
-39.63
-48.94
-44.42
-40.53
-48.06
-45.42
-38.48
-35.0
-50.06
-40.31
-39.6
-44.47
-41.24
-46.61
-35.24
-39.27
-48.6
-36.83
-41.53
-48.92
-34.54
-42.47
-43.12
-42.47
-43.23
-40.81
-44.28
-40.46
-41.66
-41.59
-35.53
-45.95
-43.07
-44.24
-42.91
-57.29
-39.11
-39.38
-38.15
-56.61
-42.81
-43.51
-39.84
-45.18
-38.59
-41.29
-32.07
-39.7
-41.99
-41.95
-44.42
-45.37
-43.8
-53.57
-42.83
-34.48
-41.1
-47.25
-40.9
-42.49
-33.76
-50.54
-44.7
-38.9
-52.77
-70.96
-46.52
-42.86
-46.67
-40.37
-62.38
-44.72
-37.39
-43.43
-44.81
-44.9
-49.32
-53.66
-54.02
-43.49
-36.12
-50.61
-44.66
-40.98
-46.23
-51.88
-47.89
-45.42
-39.12
-46.06
-44.47
-46.93
-41.59
-41.98
-36.99
-38.88
-50.76
-46.41
-41.6
-40.16
-41.37
-38.68
-66.58
-51.98
-43.88
-38.75
-44.28
-36.64
-51.59
-46.2
-41.31
-54.81
-41.55
-47.74
-39.2
-38.13
-47.59
-45.02
-52.34
-37.85
-44.5
-39.23
-47.79
-41.62
-39.02
-38.05
-42.78
-43.49
-34.37
-36.64
-42.96
-40.45
-39.44
-40.65
-52.04
-40.22
-44.85
-57.59
-37.13
-40.65
-44.52
-43.83
-38.82
-46.45
-46.74
-41.24
-42.12
-41.01
-39.95
-42.47
-37.4
-51.21
-39.46
-35.16
-37.74
-39.34
-39.58
-39.31
-37.13
-41.58
-41.97
-44.36
-38.1
-49.08
-44.85
-46.29
-42.65
-43.41
-36.18
-49.38
-40.98
-35.55
-42.33
-44.21
-39.72
-42.97
-41.53
-44.89
-41.59
-43.89
-38.84
-43.3
-43.43
-39.69
-52.58
-36.03
-44.22
-38.63
-44.77
-42.04
-37.3
-38.2
-33.15
-36.01
-53.98
-60.85
-50.72
-39.7
-39.85
-39.34
-45.44
-51.55
-34.96
-39.42
-37.88
-45.14
-41.41
-38.01
-41.04
-36.52
-35.57
-46.6
-37.53
-35.58
-43.88
-45.18
-43.86
-40.82
-40.45
-39.54
-46.68
-42.26
-46.4
-55.38
-48.34
-49.64
-38.74
-43.06
-41.85
-55.42
-52.45
-45.85
-36.48
-44.16
-36.91
-39.89
-44.0
-41.31
-46.07
-41.6
-43.39
-41.25
-65.35
-42.88
-39.12
-44.63
-45.67
-36.77
-47.25
-43.63
-46.47
-57.34
-38.62
-48.98
-45.31
-46.87
-42.67
-42.76
-37.4
-44.68
-43.53
-48.32
-39.69
-40.54
-40.46
-43.15
-41.94
-41.93
-58.76
-38.96
-37.16
-44.18
-44.52
-44.95
-39.91
-39.77
-42.55
-42.22
-42.97
-42.41
-57.26
-41.26
-50.13
-39.13
-39.07
-56.34
-43.28
-37.66
-39.53
-49.2
-40.81
-33.68
-47.5
-53.7
-37.78
-50.73
-39.75
-40.82
-41.66
iteration 5
-208.01
-363.12
-311.79
-177.18
-223.64
-155.84
-162.26
-128.69
-92.98
-126.87
-129.54
-144.53
-266.8
-269.67
-206.12
-255.42
-292.45
-269.16
-281.83
-210.34
-90.71
-65.02
-63.76
-50.66
-46.19
-86.05
-53.01
-42.59
-38.8
-39.63
-39.31
-56.01
-49.23
-61.86
-50.23
-57.43
-52.09
-64.55
-46.05
-52.89
-43.67
-48.46
-47.79
-61.13
-38.63
-36.08
-33.63
-46.91
-49.45
-39.39
-43.0
-37.95
-41.11
-42.76
-45.68
-34.06
-37.1
-40.82
-49.85
-44.2
-54.03
-41.57
-60.32
-40.07
-43.61
-35.32
-55.57
-52.03
-48.57
-57.62
-37.49
-44.42
-42.88
-41.3
-42.91
-37.07
-41.52
-46.16
-37.97
-33.24
-36.24
-36.86
-54.69
-47.98
-46.69
-43.45
-57.28
-50.77
-45.08
-41.18
-38.03
-38.86
-47.76
-43.99
-41.33
-33.31
-36.99
-43.15
-39.66
-40.41
-34.67
-50.36
-31.64
-36.77
-43.56
-42.66
-39.58
-49.27
-45.5
-39.99
-35.91
-41.04
-31.76
-40.54
-33.74
-36.44
-55.33
-44.03
-32.32
-34.29
-36.06
-50.49
-41.92
-39.45
-35.7
-38.73
-44.55
-58.38
-38.74
-46.52
-37.05
-40.0
-43.87
-50.64
-41.26
-36.49
-39.39
-55.15
-49.45
-40.55
-55.45
-45.18
-38.87
-41.28
-42.11
-56.64
-59.11
-40.11
-45.46
-45.32
-36.2
-39.68
-37.55
-49.64
-36.32
-36.77
-45.75
-40.0
-42.95
-41.24
-34.42
-34.99
-39.38
-31.48
-48.7
-37.49
-45.17
-38.86
-39.53
-47.53
-32.71
-39.49
-44.04
-41.89
-46.66
-39.1
-42.1
-54.75
-31.15
-39.96
-34.04
-34.21
-40.5
-46.54
-37.93
-37.78
-41.95
-36.3
-48.12
-34.8
-35.54
-58.45
-48.19
-43.41
-36.07
-64.76
-39.23
-41.32
-38.7
-36.36
-41.49
-33.39
-59.71
-33.98
-38.18
-32.46
-37.26
-38.1
-33.93
-32.04
-35.04
-42.52
-46.16
-39.81
-34.68
-60.8
-41.25
-48.55
-44.26
-36.95
-36.99
-40.78
-37.54
-45.16
-34.66
-38.66
-53.68
-44.85
-33.22
-34.75
-41.62
-50.23
-40.83
-55.78
-33.95
-37.69
-49.41
-41.16
-40.24
-47.36
-47.05
-50.27
-40.57
-37.84
-42.88
-53.33
-37.35
-48.94
-45.4
-36.19
-38.25
-50.76
-44.07
-41.44
-37.04
-32.24
-46.08
-62.34
-56.89
-43.03
-45.14
-37.72
-44.07
-40.14
-34.4
-33.28
-42.2
-34.99
-40.18
-40.49
-47.82
-45.04
-41.94
-39.39
-35.71
-30.12
-38.67
-33.42
-33.46
-33.26
-47.22
-42.35
-35.91
-39.46
-57.11
-32.94
-47.21
-36.56
-37.46
-48.03
-60.83
-48.34
-50.87
-48.74
-48.7
-33.17
-48.35
-39.34
-37.36
-41.91
-46.77
-44.24
-31.82
-39.71
-58.57
-37.78
-35.44
-41.43
-41.18
-47.36
-33.06
-47.72
-38.23
-36.79
-43.84
-37.96
-41.15
-37.28
-37.64
-46.27
-57.1
-42.73
-42.02
-49.99
-37.36
-32.02
-34.31
-39.84
-35.24
-38.9
-48.75
-35.44
-37.25
-47.05
-39.69
-43.29
-35.8
-35.92
-41.32
-38.39
-28.53
-34.61
-38.24
-42.81
-34.48
-44.24
-48.47
-74.61
-36.8
-41.53
-37.11
-43.49
-32.83
-43.28
-40.48
-37.83
-47.76
-40.32
-38.46
-52.79
-36.22
-39.22
-43.28
-41.15
-36.57
-41.46
-47.88
-36.31
-44.27
-48.0
-42.76
-40.9
-46.0
-36.88
-35.92
-36.76
-32.4
-37.61
-42.58
-33.5
-38.25
-44.26
-40.16
-36.95
-43.34
-46.76
-40.54
-37.79
-52.09
-39.31
-54.12
-33.5
-39.83
-37.62
-52.64
-57.75
-44.73
-39.15
-39.53
-41.44
-45.68
-47.46
-36.73
-33.02
-42.52
-37.32
-40.58
-40.08
-35.04
-37.89
-35.22
-35.31
-46.22
-38.54
-46.74
-45.6
-51.67
-36.71
-49.63
-44.29
-32.72
-36.03
-46.85
-41.88
-42.95
-34.44
-32.6
-41.46
-44.61
-47.33
-37.29
-42.78
-32.96
-52.39
-36.22
-38.13
-65.19
-60.67
-48.88
-46.4
-42.45
-51.52
-40.97
-49.88
-40.35
-47.58
-38.29
-38.91
-41.74
-34.4
-47.73
-37.77
-37.17
-32.76
-41.6
-33.96
-49.78
-34.79
-40.4
-41.78
-39.24
-40.8
-44.56
-41.99
-32.65
-47.85
-40.49
-37.77
-72.51
-48.47
-42.12
-37.07
-46.05
-54.44
-46.17
-44.23
-34.96
-50.43
-40.21
-48.3
-43.73
-43.65
-39.48
-45.2
-38.67
-43.28
-45.06
-31.7
-29.49
-44.04
-44.33
-35.28
-53.59
-37.51
-54.72
-40.59
-37.24
-45.28
-39.73
-47.07
-45.91
-39.73
-39.6
-36.64
-38.85
-36.11
-74.75
-37.46
-40.32
-41.11
-43.36
-33.88
-36.05
-40.29
-34.61
-33.25
-38.52
-34.67
-35.2
-40.65
-34.47
-36.97
-51.54
-38.36
-46.91
-44.3
-36.11
-37.12
-39.66
-46.33
-36.0
-43.71
-42.41
-42.18
-41.48
-36.89
-44.15
-34.37
-49.94
-44.34
-45.5
-35.9
-35.59
-38.74
-36.05
-40.41
-36.27
-41.75
-32.63
-40.93
-53.42
-45.93
-51.23
-42.82
-32.74
-45.09
-38.58
-41.98
-37.63
-33.53
-31.23
-41.12
-38.43
-38.59
-41.98
-30.87
-40.07
-48.44
-38.61
-49.11
-32.85
-33.9
-52.89
-41.57
-45.38
-35.2
-44.14
-34.77
-51.9
-44.09
-45.31
-39.52
-45.0
-31.47
-33.9
-40.11
-40.66
-40.99
-39.47
-37.7
-38.4
-41.37
-46.82
-44.29
-30.58
-59.32
-63.76
-39.25
-46.78
-40.42
-41.27
-38.09
-50.88
-37.16
-54.91
-38.01
-43.02
-37.73
-41.89
-36.56
-54.85
-41.45
-41.46
-34.29
-46.77
-42.25
-39.56
-35.78
-44.69
-44.09
-40.08
-32.78
-38.64
-49.27
-41.2
-46.81
-39.54
-54.95
-48.11
-38.2
-33.23
-39.79
-38.23
-37.46
-42.52
-40.79
-37.33
-37.67
-42.9
-36.19
-44.34
-38.82
-45.4
-33.41
-37.46
-34.21
-48.98
-37.63
-37.54
-41.02
-31.59
-36.69
-35.91
-38.86
-44.54
-34.42
-46.27
-40.21
-50.35
-36.21
-52.29
-36.6
-34.33
-47.73
-39.14
-48.28
-33.87
-47.05
-34.69
-41.91
-42.06
-43.28
-49.12
-38.91
-33.41
-40.31
-44.57
-47.41
-36.72
-45.5
-40.71
-35.13
-31.18
-34.23
-43.81
-42.95
-45.28
-65.13
-39.57
-45.75
-36.43
-44.49
-35.34
-46.31
-39.38
-37.89
-34.53
-44.36
-41.06
-35.61
-34.82
-40.28
-47.83
-35.01
-33.57
-38.78
-49.79
-41.32
-37.11
-35.7
-35.1
-39.44
-39.4
-40.04
-43.91
-35.01
-34.82
-44.16
-37.05
-36.01
-34.3
-39.66
-42.67
-39.64
-37.42
-44.73
-36.26
-61.45
-44.88
-35.25
-44.22
-46.44
-51.17
-37.02
-39.69
-50.87
-50.9
-34.91
-38.36
-35.77
-42.12
-42.48
-49.98
-31.9
-37.66
-36.61
-39.45
-32.92
-43.54
-35.79
-47.4
-33.69
-36.84
-51.38
-36.55
-44.01
-38.15
-55.38
-37.02
-38.38
-37.4
-45.32
-45.44
-37.66
-44.01
-38.91
-38.25
-38.08
-40.95
-46.46
-43.56
-39.83
-36.86
-42.24
-58.38
-46.69
-43.92
-63.33
-40.98
-36.25
-34.64
-44.3
-30.53
-44.63
-42.07
-40.94
-40.34
-52.19
-51.34
-42.02
-45.66
-36.68
-39.46
-39.71
-39.4
-50.56
-40.57
-40.22
-40.71
-38.79
-39.51
-44.52
-42.5
-49.34
-49.37
-42.15
-47.54
-41.42
-35.81
-37.52
-36.02
-42.43
-40.21
-39.53
-35.53
-46.18
-47.49
-40.31
-42.82
-39.7
-40.42
-39.61
-35.36
-41.65
-40.45
-50.31
-43.3
-57.13
-38.87
-45.52
-55.28
-37.15
-52.4
-35.2
-47.48
-41.45
-42.47
-32.55
-46.07
-45.85
-34.86
-47.26
-41.43
-41.32
-41.82
-40.78
-40.24
-54.47
-47.46
-41.36
-40.4
-31.58
-34.46
-36.84
-47.65
-40.86
-41.9
-45.48
-35.85
-35.8
-34.9
-48.72
-32.15
-43.11
-41.36
-40.7
-37.75
-42.49
-46.32
-55.55
-40.4
-43.55
-35.23
-37.04
-40.33
-36.67
-48.35
-38.57
-38.05
-50.25
-38.99
-49.11
-42.8
-40.07
-47.5
-39.19
-38.91
-42.6
-37.13
-31.78
-49.91
-32.16
-40.21
-37.57
-35.76
-47.97
-33.64
-37.89
-43.58
-39.43
-35.51
-39.19
-33.44
-36.49
-50.85
-39.02
-46.4
-43.37
-40.56
-40.55
-41.19
-45.82
-35.87
-43.54
-41.14
-30.55
-45.31
-37.48
-45.85
-39.49
-45.77
-35.54
-36.95
-31.03
-44.29
-50.11
-35.69
-39.21
-42.89
-46.19
-40.35
-37.64
-42.09
-37.93
-30.28
-38.81
-72.51
-33.85
-49.32
-40.5
-31.15
-63.18
-35.73
-37.67
-41.17
-40.27
-32.31
-47.56
-41.25
-38.14
-44.16
-54.35
-40.56
-43.06
-34.37
-43.5
-47.17
-38.2
-33.86
-35.42
-42.88
-34.53
-48.74
-38.53
-38.85
-35.71
-32.67
-41.82
-42.58
-38.37
-42.16
-44.42
-45.77
-46.14
-40.94
-37.0
-36.49
-38.76
-41.42
-52.33
-48.19
-38.13
-39.62
-35.88
-41.43
-33.53
-37.17
-40.32
-38.93
-41.91
-40.3
-45.78
-47.88
-51.43
-33.32
-40.48
-41.12
-38.43
-43.49
-40.39
-50.55
-41.14
-46.32
-39.48
-53.57
-48.71
-41.84
-34.67
-46.16
-37.42
-40.6
-37.13
-43.09
-39.28
-40.91
-39.6
-39.91
-33.2
-34.48
-41.39
-50.09
-44.46
-43.46
-44.62
-35.29
-48.19
-35.69
-43.54
-34.79
-54.43
-50.0
-34.9
-45.29
-48.93
-41.09
-35.57
-50.7
-36.09
-54.87
-32.33
-45.42
-50.22
-36.52
-29.74
-32.97
-40.2
-31.52
-45.77
-46.89
-46.23
-71.56
-37.44
-42.83
-44.67
-39.7
-43.1
-34.3
-41.02
-37.4
-49.83
-35.51
-39.51
-38.33
-39.99
-34.3
-35.49
-37.02
-37.46
-39.23
-39.43
-44.46
-34.35
-49.79
-43.04
-38.89
-34.43
-56.12
-52.42
-40.28
-33.67
-36.63
-41.19
-56.46
-49.93
-31.1
-33.84
-41.74
-53.2
-39.45
-37.19
-42.93
-38.96
-42.69
-37.35
-34.34
-35.52
-39.11
-41.87
-39.56
-37.59
-43.9
-39.09
-47.34
-52.08
-43.01
-35.29
-41.48
-49.65
-42.27
-35.53
-35.84
-44.41
-48.58
-46.47
-39.59
-53.8
-40.43
-39.15
-52.79
-45.49
-32.58
-43.79
-39.41
-37.72
-34.31
-58.16
-41.14
-34.84
-32.48
-35.51
-48.13
-29.11
-39.25
-51.75
-44.08
-40.98
-44.93
-45.56
-37.23
-36.51
-46.48
-39.23
-42.55
-45.09
-44.33
-33.66
-36.7
-35.92
-37.21
-35.0
-38.59
-43.09
-40.1
-53.84
-39.3
-39.0
-40.83
-42.01
-44.61
-44.18
-54.93
-37.63
-42.29
-40.75
-49.04
-37.64
-38.53
-33.33
-37.26
-43.38
-36.19
-42.59
-38.05
-40.91
-31.37
-49.2
-41.15
-52.84
-40.24
-61.03
-42.38
-40.93
-34.69
-46.71
-45.43
-38.43
-32.81
-48.02
-42.16
-37.46
-39.0
-49.79
-38.93
-34.4
-38.54
-34.75
-40.11
-35.52
-45.14
-58.72
-58.46
-44.7
-40.81
-35.82
-33.93
-40.3
-42.33
-44.64
-41.77
-43.54
-33.45
-52.53
-36.69
-39.78
-42.52
-31.88
-42.71
-34.82
-38.28
-45.3
-44.72
-42.29
-35.68
-45.07
-35.41
-36.79
-35.48
-45.84
-36.62
-35.12
-41.76
-38.41
-47.45
-47.05
-42.52
-38.93
-37.79
-37.18
-52.42
-38.41
-38.16
-48.41
-39.24
-43.88
-39.18
-33.99
-35.83
-36.81
-35.17
-35.52
-39.3
-44.16
-35.71
-40.29
-39.03
-36.65
-38.02
-34.58
-42.09
-42.04
-38.24
-54.29
-43.14
-37.88
-47.0
-43.61
-44.02
-37.81
-44.27
-49.27
-43.48
-50.33
-46.25
-44.74
-40.01
-43.64
-49.22
-40.32
-38.23
-40.31
-36.63
-47.0
-40.01
-41.88
-38.33
-37.59
-36.12
-36.68
-33.23
-32.66
-40.58
-37.19
-35.16
-34.13
-35.79
-38.11
-38.87
-46.44
-38.86
-41.03
-41.71
-44.37
-43.55
-36.48
-35.52
-56.32
-45.53
-40.88
-37.97
-34.18
-37.59
-38.82
-33.78
-44.67
-41.31
-41.64
-37.6
-49.22
-40.02
-51.62
-43.86
-35.33
-70.11
-37.77
-41.44
-45.91
-48.66
-37.78
-34.9
-46.18
-43.47
-44.16
-38.55
-48.2
-33.47
-32.96
-40.85
-37.83
-45.68
-66.24
-55.65
-42.94
-40.45
-36.03
-46.14
-48.82
-32.84
-37.98
-49.7
-45.14
-38.26
-36.02
-40.63
-40.13
-48.78
-43.71
-40.7
-41.1
-46.86
-38.99
-34.76
-46.32
-39.74
-40.0
-55.59
-43.16
-47.58
-44.11
-38.41
-55.04
-41.92
-42.21
-53.94
-39.25
-46.75
-35.07
-35.13
-34.46
-35.89
-33.12
-41.25
-36.32
-41.18
-45.36
-46.67
-33.0
-35.56
-34.89
-52.35
-50.63
-45.28
-42.37
-39.48
-33.7
-32.9
-35.23
-32.13
-32.46
-63.44
-41.53
-39.28
-35.06
-49.09
-58.88
-49.53
-36.38
-38.97
-31.48
-35.09
-37.62
-33.66
-45.95
-48.73
-36.88
-39.57
-39.2
-41.35
-50.93
-38.76
-38.6
-39.66
-33.93
-37.72
-39.16
-37.01
-45.41
-35.86
-43.32
-39.08
-33.22
-31.87
-32.82
-44.35
-40.74
-43.49
-36.84
-35.24
-39.85
-39.14
-36.71
-46.57
-50.97
-43.85
-39.21
-40.38
-52.78
-36.89
-41.0
-37.86
-41.99
-30.68
-36.24
-35.37
-30.84
-55.07
-41.03
-50.23
-32.18
-41.21
-32.22
-39.52
-40.62
-35.64
-42.79
-37.21
-52.67
-44.22
-50.75
-34.48
-40.24
-42.2
-50.38
-42.23
-29.91
-36.34
-33.31
-37.27
-44.15
-33.06
-39.9
-49.23
-56.01
-33.42
-40.08
-32.11
-29.23
-36.82
-36.21
-36.7
-34.29
-46.42
-48.14
-54.2
-37.27
-53.82
-32.48
-41.33
-38.07
-51.91
-49.16
-48.03
-44.35
-48.23
-34.04
-40.32
-44.61
-38.14
-40.84
-41.57
-40.73
-46.48
-43.89
-39.02
-44.44
-48.12
-34.9
-47.0
-41.22
-56.54
-40.38
-51.43
-46.56
-43.81
-44.88
-31.53
-35.34
-41.27
-53.88
-51.5
-36.65
-43.65
-34.6
-38.84
-35.2
-45.5
-32.67
-41.84
-35.3
-35.56
-42.84
-37.16
-45.29
-36.74
-37.99
-48.63
-34.76
-57.92
-46.89
-47.27
-53.36
-40.87
-37.68
-38.47
-35.46
-56.7
-34.07
-50.2
-37.37
-34.39
-37.79
-52.82
-37.57
-43.79
-42.53
-35.3
-44.05
-43.69
-45.44
-42.92
-35.61
-44.77
-52.36
-43.31
-48.89
-55.7
-39.49
-50.69
-45.43
-46.88
-43.32
-39.28
-33.53
-50.21
-32.14
-38.45
-42.08
-40.41
-34.55
-37.93
-45.54
-31.63
-41.94
-37.24
-35.66
-38.75
-36.08
-39.25
-40.2
-42.84
-42.19
-50.76
-38.1
-34.42
-35.2
-43.9
-36.09
-52.3
-32.03
-33.7
-34.06
-44.53
-56.91
-54.29
-47.8
-38.38
-36.49
-37.74
-35.41
-34.21
-46.3
-44.82
-47.22
-41.69
-59.21
-46.35
-32.58
-42.56
-38.63
-41.95
-41.98
-38.96
-51.74
-40.02
-42.76
-37.0
-34.51
-36.52
-35.96
-38.36
-47.09
-42.29
-37.45
-41.44
-61.73
-41.11
-40.45
-38.85
-39.31
-45.0
-40.66
-54.43
-46.45
-36.04
-38.87
-34.13
-38.02
-35.06
-38.83
-39.28
-41.79
-45.45
-42.95
-34.66
-38.08
-36.86
-39.4
-35.68
-42.85
-41.64
-40.74
-57.16
-33.29
-41.31
-34.77
-45.85
-41.01
-51.0
-50.5
-34.33
-38.46
-34.73
-37.75
-40.84
-36.64
-33.9
-38.21
-40.52
-40.28
-50.77
-36.85
-46.86
-53.56
-38.98
-49.16
-46.97
-38.94
-47.79
-36.85
-37.96
-39.7
-34.94
-40.34
-32.88
-33.83
-41.34
-39.08
-39.75
-41.68
-44.6
-52.35
-45.39
-39.98
-34.81
-46.69
-43.7
-40.55
-38.42
-40.98
-38.1
-37.63
-48.34
-42.17
-34.95
-45.74
-30.51
-39.98
-35.35
-46.87
-38.49
-38.68
-40.34
-43.39
-44.58
-42.67
-51.54
-41.4
-35.36
-41.95
-40.98
-38.1
-55.19
-48.1
-33.3
-49.32
-42.13
-47.53
-53.22
-51.76
-40.21
-45.76
-56.47
-38.19
-37.97
-49.9
-46.47
-42.25
-36.81
-41.5
-45.32
-33.74
-37.52
-56.71
-44.74
-39.89
-38.78
-33.84
-35.93
-41.82
-35.8
-44.63
-44.57
-42.77
-41.38
-34.87
-44.05
-37.67
-47.94
-33.61
-39.39
-34.78
-49.84
-50.02
-39.42
-36.32
-49.14
-45.03
-52.19
-32.56
-47.57
-56.69
-41.38
-34.99
-38.22
-39.12
-36.06
-46.63
-35.43
-42.58
-44.6
-33.69
-46.85
-54.42
-31.2
-33.4
-46.08
-35.93
-58.15
-47.42
-37.75
-53.97
-35.38
-41.44
-46.78
-40.33
-42.38
-51.62
-40.14
-58.52
-37.01
-44.46
-38.96
-46.97
-46.77
-35.33
-40.29
-36.66
-48.23
-38.13
-45.87
-40.75
-39.43
-37.03
-45.99
-41.03
-33.02
-45.95
-42.44
-36.35
-42.15
-46.45
-39.71
-45.41
-56.74
-37.4
-45.92
-39.08
-45.92
-34.75
-39.78
-35.0
-38.84
-35.15
-52.19
-47.57
-31.22
-33.82
-39.23
-39.01
-35.23
-47.7
-40.55
-46.68
-46.84
-47.72
-50.77
-38.06
-44.53
-44.12
-36.63
-48.29
-50.8
-40.15
-40.6
-45.37
-42.26
-41.34
-45.51
-48.58
-54.78
-51.21
-42.25
-49.06
-38.27
-36.59
-39.86
-44.33
-50.62
-38.99
-39.49
-46.16
-77.13
-58.3
-39.27
-41.55
-43.22
-42.54
-36.43
-36.96
-43.86
-34.93
-45.21
-49.12
-43.17
-39.16
-58.52
-53.76
-37.68
-39.97
-46.26
-38.64
-47.63
-57.72
-40.96
-46.42
-45.66
-33.68
-48.61
-36.55
-36.38
-40.85
-43.4
-41.58
-45.84
-45.18
-46.02
-38.69
-45.0
-57.18
-55.48
-39.59
-58.1
-53.04
-36.17
-36.23
-39.54
-39.25
-42.96
-42.11
-34.2
-33.55
-44.85
-53.3
-45.34
-36.96
-48.33
-39.55
-35.78
-41.51
-41.93
-38.25
-37.4
-39.36
-51.65
-39.64
-44.82
-46.35
-49.93
-47.93
-41.09
-40.7
-49.95
-46.65
-33.92
-56.76
-41.02
-39.92
-38.33
-40.34
-39.18
-45.07
-45.1
-41.56
-48.72
-38.98
-42.52
-39.48
-48.73
-44.81
-50.11
-34.87
-34.82
-46.08
-46.45
-41.24
-42.41
-40.18
-36.54
-49.1
-50.37
-44.42
iteration 6
