iteration 1
-36.68
-45.9
-39.26
-36.76
-44.2
-33.6
-40.99
-36.35
-45.9
-62.45
-46.07
-39.38
-35.62
-45.93
-37.32
-38.42
-44.81
-31.42
-36.46
-29.39
-34.61
-42.92
-36.8
-34.74
-38.39
-36.3
-34.15
-34.46
-41.44
-41.41
-47.0
-29.62
-48.06
-40.82
-48.26
-32.17
-41.28
-45.71
-39.04
-44.83
-45.08
-46.7
-44.63
-44.39
-38.41
-40.03
-36.29
-39.16
-42.66
-36.67
-34.83
-41.19
-40.31
-36.64
-37.9
-42.65
-37.41
-42.27
-37.05
-38.39
-38.21
-33.88
-31.23
-34.34
-34.15
-33.3
-34.93
-38.69
-48.15
-36.75
-33.18
-34.88
-41.98
-42.65
-34.4
-54.27
-34.44
-41.23
-36.31
-38.93
-45.17
-34.88
-43.05
-54.37
-40.23
-34.6
-42.15
-39.99
-36.65
-34.29
-33.55
-34.46
-52.36
-39.52
-39.14
-40.42
-38.6
-36.06
-37.56
-76.6
-42.45
-34.74
-36.42
-32.32
-31.29
-44.47
-44.03
-41.01
-31.7
-33.93
-39.48
-36.5
-36.27
-46.76
-39.0
-39.68
-44.76
-39.62
-33.11
-35.68
-40.32
-45.58
-31.34
-37.33
-38.91
-33.97
-41.16
-42.28
-35.9
-35.95
-40.34
-44.93
-37.54
-33.07
-29.17
-50.39
-54.65
-49.16
-47.7
-39.03
-42.02
-46.53
-43.09
-41.92
-35.99
-42.25
-36.19
-38.19
-42.73
-41.11
-39.1
-37.08
-33.96
-52.12
-35.86
-36.36
-39.76
-41.58
-34.22
-55.1
-34.79
-46.22
-34.86
-44.96
-49.17
-45.37
-48.06
-40.46
-43.39
-46.71
-33.94
-37.63
-42.25
-42.04
-30.76
-39.59
-45.22
-44.18
-39.22
-39.85
-39.01
-46.42
-53.5
-40.6
-40.2
-34.15
-36.81
-37.22
-34.5
-35.9
-41.68
-36.52
-36.97
-43.1
-42.09
-45.3
-36.19
-43.76
-36.54
-42.15
-45.91
-41.44
-34.83
-54.52
-34.84
-42.81
-36.38
-38.33
-44.39
-38.23
-37.4
-40.97
-34.4
-41.54
-52.7
-34.52
-34.48
-34.89
-47.58
-38.51
-30.78
-37.93
-36.89
-34.58
-31.88
-40.94
-33.64
-40.45
-35.95
-31.09
-44.74
-31.67
-34.58
-36.29
-34.21
-44.57
-46.67
-32.42
-46.27
-37.1
-37.4
-42.65
-42.87
-35.37
-42.69
-39.46
-34.08
-41.77
-53.04
-32.82
-37.47
-38.24
-41.7
-37.2
-35.92
-43.45
-50.86
-42.77
-32.79
-34.29
-40.26
-32.92
-37.04
-29.02
-32.82
-45.11
-41.34
-39.02
-36.63
-52.43
-40.63
-36.69
-44.39
-43.64
-36.36
-36.07
-31.76
-44.48
-37.83
-35.34
-29.2
-33.22
-58.06
-40.22
-36.47
-33.02
-32.76
-37.39
-29.81
-37.73
-41.19
-34.07
-40.94
-39.24
-30.94
-32.13
-39.48
-31.72
-33.83
-40.26
-43.17
-47.72
-45.93
-35.04
-37.73
-38.97
-40.99
-37.41
-42.41
-37.76
-46.91
-45.59
-46.99
-50.45
-28.31
-41.3
-35.06
-40.65
-52.69
-30.82
-61.27
-44.22
-38.6
-37.96
-35.6
-33.77
-41.46
-35.01
-46.92
-34.97
-45.47
-46.84
-41.31
-38.38
-35.72
-33.11
-39.62
-34.49
-37.22
-35.48
-39.76
-38.29
-43.61
-40.31
-39.42
-39.61
-32.11
-38.3
-34.48
-33.71
-47.28
-36.49
-46.39
-49.5
-34.52
-43.58
-39.74
-42.72
-42.73
-39.58
-31.4
-36.07
-36.64
-39.32
-47.46
-38.31
-45.64
-35.8
-37.95
-38.81
-38.37
-36.21
-33.91
-43.28
-39.48
-40.75
-30.82
-38.69
-44.43
-50.5
-33.64
-47.73
-35.95
-29.93
-33.34
-40.73
-33.83
-42.69
-40.02
-46.37
-42.41
-54.14
-45.47
-47.14
-42.34
-36.45
-38.74
-36.36
-32.0
-32.13
-42.82
-34.51
-34.11
-40.33
-34.98
-41.81
-39.24
-36.59
-41.65
-29.01
-45.95
-46.12
-37.28
-38.91
-38.51
-42.18
-45.01
-44.86
-40.83
-40.02
-41.51
-54.35
-44.72
-44.27
-38.56
-44.15
-63.28
-28.35
-35.32
-40.42
-36.06
-42.8
-37.47
-46.9
-40.12
-34.78
-36.53
-42.54
-40.9
-35.42
-43.7
-35.2
-37.64
-40.57
-36.71
-42.33
-48.79
-33.09
-34.09
-43.16
-53.07
-30.58
-36.12
-51.94
-44.69
-30.91
-36.12
-37.53
-46.17
-36.69
-30.83
-44.86
-45.13
-40.92
-39.16
-41.28
-29.42
-34.01
-41.97
-35.38
-39.83
-39.92
-44.92
-38.34
-47.33
-48.13
-36.57
-43.84
-46.43
-30.15
-34.88
-41.05
-33.37
-40.16
-63.29
-40.31
-37.5
-35.7
-34.59
-32.86
-52.77
-36.75
-33.68
-37.22
-41.03
-39.85
-52.24
-40.3
-30.91
-38.29
-31.72
-35.87
-37.8
-40.86
-42.63
-34.55
-38.83
-37.47
-37.78
-34.53
-34.93
-30.44
-44.81
-33.03
-35.02
-62.4
-38.74
-37.05
-43.07
-32.6
-32.99
-40.63
-42.6
-44.46
-38.93
-38.38
-35.34
-41.31
-32.04
-33.94
-41.79
-45.57
-34.35
-43.39
-39.58
-36.46
-34.39
-33.5
-38.37
-48.03
-48.17
-30.35
-35.09
-59.67
-40.23
-33.6
-38.09
-47.76
-38.36
-36.0
-30.54
-47.78
-40.31
-41.58
-41.83
-41.31
-33.81
-38.89
-32.7
-38.62
-35.98
-40.43
-29.83
-50.78
-41.47
-35.98
-36.34
-43.25
-38.22
-32.48
-37.72
-33.33
-41.53
-44.34
-37.0
-30.58
-36.61
-46.91
-38.64
-36.03
-41.85
-36.67
-38.23
-39.92
-34.57
-44.09
-50.05
-44.43
-37.03
-48.73
-39.23
-42.98
-35.74
-44.93
-49.78
-44.3
-36.14
-38.66
-38.84
-48.85
-40.83
-41.15
-33.61
-33.06
-41.39
-35.03
-48.08
-40.74
-42.33
-52.9
-37.01
-38.72
-43.08
-32.02
-36.92
-34.05
-39.28
-39.16
-32.62
-48.38
-45.52
-39.92
-32.62
-46.56
-36.61
-44.82
-62.54
-39.22
-42.66
-35.9
-56.51
-40.38
-39.12
-44.64
-40.97
-52.03
-60.62
-44.0
-39.54
-32.07
-36.93
-35.54
-40.28
-35.16
-41.41
-57.47
-45.88
-36.81
-46.52
-35.25
-36.21
-45.31
-43.89
-51.2
-41.25
-44.28
-37.0
-40.37
-32.36
-30.79
-51.16
-38.65
-41.16
-43.3
-47.07
-48.24
-37.56
-38.12
-36.36
-37.08
-40.07
-44.46
-34.21
-33.94
-35.38
-47.46
-59.92
-40.34
-49.3
-42.95
-37.77
-41.75
-36.9
-27.77
-41.1
-37.83
-48.34
-35.67
-32.23
-35.58
-39.8
-39.5
-57.93
-52.47
-41.04
-38.51
-41.44
-50.82
-48.27
-59.53
-40.73
-43.25
-30.59
-29.79
-43.53
-34.26
-35.04
-28.6
-34.54
-53.83
-35.89
-42.17
-34.94
-38.2
-36.86
-41.74
-45.27
-34.36
-36.99
-35.95
-32.4
-33.69
-35.87
-35.34
-46.27
-33.77
-37.66
-32.32
-34.0
-39.68
-36.83
-38.03
-36.59
-28.85
-33.18
-40.44
-36.76
-35.39
-34.55
-32.8
-34.68
-34.72
-38.88
-44.12
-36.15
-37.38
-29.85
-40.08
-40.9
-37.61
-39.61
-51.23
-50.31
-33.56
-32.19
-43.58
-35.51
-39.08
-43.42
-31.28
-35.19
-49.83
-45.36
-41.13
-37.22
-54.58
-33.96
-34.31
-41.05
-42.77
-37.03
-31.71
-29.88
-37.92
-45.71
-47.19
-38.44
-37.75
-37.47
-36.32
-40.62
-32.59
-34.99
-32.6
-41.06
-40.65
-49.41
-38.9
-42.2
-34.67
-36.75
-31.85
-35.33
-43.42
-38.81
-39.49
-32.32
-39.17
-36.69
-37.05
-44.67
-49.24
-38.47
-32.8
-42.33
-48.53
-38.43
-40.2
-34.01
-43.21
-40.41
-38.33
-38.52
-43.89
-35.85
-41.32
-37.7
-37.78
-36.0
-30.37
-48.94
-45.37
-35.63
-43.19
-47.66
-29.08
-42.93
-44.2
-39.31
-43.18
-35.31
-52.59
-43.08
-34.1
-35.29
-38.0
-42.93
-33.36
-43.39
-34.36
-33.57
-37.24
-37.63
-35.74
-39.49
-52.4
-43.33
-43.31
-38.98
-40.53
-40.46
-40.04
-39.08
-46.84
-33.0
-42.34
-43.75
-33.01
-61.04
-42.44
-60.14
-37.57
-42.09
-35.06
-35.27
-42.1
-46.58
-47.99
-35.15
-54.7
-33.64
-45.44
-29.41
-43.08
-36.53
-37.1
-37.54
-41.6
-50.76
-41.41
-38.62
-37.39
-41.54
-35.3
-38.06
-45.83
-42.71
-46.34
-38.83
-49.84
-47.91
-40.15
-44.56
-31.54
-33.48
-41.51
-38.99
-39.34
-59.91
-46.33
-40.3
-39.02
-51.99
-66.29
-38.1
-34.33
-36.86
-34.41
-37.85
-47.14
-38.25
-33.53
-44.1
-42.2
-33.98
-35.77
-39.03
-37.4
-44.94
-39.27
-40.1
-33.63
-42.05
-34.36
-36.92
-38.93
-41.31
-43.98
-41.69
-38.21
-38.26
-42.19
-40.55
-39.19
-40.84
-46.95
-35.65
-38.8
-37.96
-43.69
-40.38
-48.71
-41.74
-37.73
-30.26
-37.39
-36.84
-36.46
-40.26
-48.11
-36.01
-38.66
-38.78
-38.61
-39.84
-39.72
-40.73
-46.32
-41.92
-42.72
-29.97
-40.84
-43.88
-41.5
-46.41
-43.0
-48.31
-33.68
-36.03
-33.59
-37.35
-47.03
-29.98
-39.8
-37.42
-37.91
-46.4
-32.74
-33.96
-32.68
-32.69
-39.93
-46.78
-51.73
-47.26
-45.0
-30.16
-36.4
-43.84
-39.01
-36.47
-41.63
-43.09
-34.7
-51.01
-36.58
-46.69
-41.33
-46.25
-39.65
-39.63
-46.86
-42.02
-48.18
-47.24
-51.75
-50.87
-46.95
-33.88
-30.68
-39.95
-41.95
-44.66
-40.21
-39.48
-30.43
-42.29
-50.89
-38.69
-43.35
-31.43
-47.0
-31.52
-32.91
-31.33
-46.31
-34.15
-45.3
-37.57
-38.04
-35.87
-59.71
-37.38
-37.86
-35.22
-35.38
-32.85
-49.58
-37.71
-41.39
-33.69
-33.89
-36.04
-33.98
-37.96
-37.51
-29.53
-43.18
-35.19
-30.27
-42.39
-31.44
-38.2
-50.24
-52.74
-44.83
-40.08
-51.01
-34.37
-28.93
-40.38
-43.48
-40.72
-38.19
-47.32
-50.11
-39.12
-47.69
-32.73
-34.27
-33.31
-39.92
-44.63
-50.47
-43.85
-39.64
-39.48
-50.93
-41.04
-35.29
-38.97
-51.44
-40.74
-38.77
-40.7
-53.68
-62.63
-52.52
-42.99
-37.38
-41.11
-36.96
-34.24
-46.6
-39.22
-35.93
-33.23
-39.04
-32.51
-41.06
-32.86
-45.72
-43.05
-31.81
-33.5
-45.0
-45.89
-35.77
-34.96
-31.37
-31.21
-39.45
-29.75
-40.49
-43.45
-35.85
-36.41
-39.34
-42.33
-45.01
-45.16
-39.68
-39.11
-40.35
-42.34
-38.62
-49.59
-36.97
-38.31
-33.81
-56.87
-38.61
-40.39
-38.69
-32.9
-36.66
-57.99
-49.4
-47.85
-35.18
-36.13
-35.33
-39.65
-46.7
-36.55
-38.19
-35.82
-36.93
-35.76
-43.39
-35.81
-41.93
-33.92
-39.93
-44.16
-47.93
-44.8
-51.44
-51.7
-35.26
-46.95
-39.64
-34.9
-46.45
-42.93
-41.94
-44.06
-41.46
-35.57
-37.77
-35.65
-41.1
-33.36
-33.31
-38.05
-39.2
-41.42
-34.23
-37.09
-52.17
-40.09
-49.22
-44.11
-40.68
-39.39
-46.57
-58.91
-35.42
-40.25
-39.24
-40.43
-34.79
-35.67
-54.33
-40.79
-44.37
-37.85
-35.35
-34.4
-40.74
-38.47
-36.8
-44.68
-38.15
-48.25
-39.85
-33.79
-31.28
-38.55
-39.57
-38.77
-39.52
-40.88
-35.32
-41.37
-40.99
-41.14
-35.48
-53.3
-36.09
-41.61
-39.62
-43.16
-35.28
-42.14
-31.04
-33.36
-36.64
-35.76
-31.7
-40.47
-31.17
-42.86
-40.16
-39.16
-43.63
-37.47
-54.5
-34.72
-36.11
-47.14
-39.97
-41.12
-38.63
-38.94
-37.26
-42.85
-39.73
-37.84
-34.9
-53.8
-34.3
-40.64
-35.77
-35.24
-44.52
-45.92
-41.31
-50.53
-51.36
-35.1
-54.14
-37.86
-43.01
-45.82
-36.66
-48.24
-46.39
-45.21
-40.84
-36.86
-45.32
-32.56
-34.08
-48.21
-53.75
-37.52
-40.43
-31.55
-41.7
-52.48
-33.97
-36.16
-39.17
-36.32
-36.54
-33.7
-40.52
-48.34
-43.55
-43.71
-43.61
-44.98
-33.48
-31.14
-40.35
-37.67
-38.1
-38.97
-30.26
-56.07
-37.73
-39.4
-31.94
-55.11
-37.88
-43.41
-32.45
-39.38
-52.24
-35.13
-41.98
-31.95
-44.22
-37.16
-39.35
-42.75
-29.55
-45.81
-34.38
-32.19
-34.52
-31.77
-46.64
-54.78
-41.24
-49.65
-30.71
-46.54
-45.91
-43.12
-37.32
-44.43
-42.07
-36.94
-34.65
-43.71
-46.85
-35.74
-33.31
-42.92
-36.2
-33.7
-63.79
-37.98
-67.28
-40.89
-39.5
-37.52
-38.54
-47.35
-33.67
-38.56
-47.71
-35.44
-44.09
-35.57
-33.36
-39.27
-38.51
-42.04
-33.4
-34.68
-41.84
-35.56
-40.89
-36.31
-36.46
-38.1
-58.01
-34.45
-41.28
-41.67
-38.31
-56.17
-36.92
-45.31
-43.36
-39.9
-38.06
-35.81
-41.22
-27.13
-45.3
-51.92
-42.4
-30.57
-50.57
-29.24
-40.07
-34.72
-36.74
-34.95
-36.84
-39.43
-32.16
-42.41
-32.39
-35.27
-32.42
-41.31
-34.23
-37.59
-38.73
-36.25
-47.29
-45.05
-28.96
-46.64
-48.12
-44.81
-41.86
-40.28
-33.38
-35.26
-48.05
-40.72
-41.78
-42.4
-49.18
-57.48
-46.03
-38.3
-36.76
-86.12
-34.13
-40.28
-38.95
-31.17
-33.57
-37.92
-39.88
-37.98
-44.47
-42.72
-37.82
-34.68
-43.64
-35.98
-32.69
-39.37
-37.36
-44.67
-40.6
-36.96
-31.99
-31.48
-38.1
-39.81
-46.36
-46.24
-37.6
-32.77
-41.44
-32.79
-39.0
-30.25
-35.22
-36.53
-46.33
-47.68
-42.89
-39.84
-44.25
-44.34
-32.58
-38.43
-50.87
-39.09
-44.36
-32.56
-39.96
-34.48
-54.07
-33.02
-42.43
-42.35
-29.87
-50.03
-64.91
-40.58
-46.75
-42.88
-51.79
-44.4
-40.13
-35.94
-48.98
-34.59
-45.85
-66.2
-39.06
-41.82
-58.49
-31.04
-37.73
-35.88
-40.91
-54.89
-48.2
-38.08
-34.86
-47.12
-38.74
-35.04
-46.43
-34.65
-39.45
-27.58
-40.2
-33.09
-34.2
-35.71
-28.25
-38.66
-38.64
-51.72
-38.76
-45.05
-40.76
-36.43
-31.66
-36.34
-45.01
-42.01
-38.17
-33.21
-30.32
-34.95
-42.78
-38.68
-36.75
-34.68
-41.51
-32.49
-36.97
-39.25
-39.1
-34.48
-34.72
-47.35
-43.18
-44.77
-41.9
-33.42
-33.11
-51.1
-32.78
-42.77
-56.13
-43.03
-38.09
-37.9
-29.5
-39.4
-28.14
-33.48
-35.06
-49.11
-38.0
-36.87
-36.73
-40.84
-49.01
-42.35
-48.24
-40.67
-34.15
-33.8
-35.68
-55.89
-53.69
-41.66
-36.14
-32.05
-34.14
-42.08
-51.13
-42.88
-52.75
-44.05
-40.04
-38.79
-30.7
-31.1
-38.6
-43.5
-39.92
-34.58
-41.58
-37.29
-43.8
-55.74
-39.04
-31.99
-36.65
-37.73
-47.58
-56.28
-38.0
-34.39
-36.1
-47.86
-51.28
-41.54
-37.54
-42.62
-56.15
-42.63
-40.41
-36.77
-38.42
-39.12
-40.42
-35.97
-43.64
-35.32
-32.28
-35.91
-37.7
-42.29
-35.54
-46.16
-39.76
-40.38
-60.92
-37.21
-36.82
-43.31
-48.94
-48.98
-32.27
-37.04
-33.31
-29.72
-33.48
-41.76
-48.38
-33.26
-31.2
-45.5
-40.28
-44.3
-40.4
-44.45
-41.62
-33.06
-40.86
-48.37
-39.78
-34.23
-42.72
-45.18
-33.03
-37.31
-38.88
-42.23
-31.86
-38.15
-33.53
-33.0
-31.93
-42.16
-47.73
-38.75
-36.38
-33.93
-44.32
-35.48
-37.75
-45.13
-35.5
-33.77
-39.34
-37.85
-37.65
-43.96
-31.26
-37.94
-44.19
-35.47
-46.75
-37.48
-32.67
-36.73
-31.74
-43.67
-35.97
-44.81
-43.04
-38.89
-35.55
-29.98
-41.12
-48.6
-45.04
-40.62
-39.06
-33.08
-43.92
-39.56
-37.84
-39.23
-37.16
-33.77
-41.04
-45.63
-38.84
-30.61
-47.12
-38.81
-34.0
-46.11
-42.23
-34.19
-38.34
-34.35
-42.92
-32.22
-43.29
-35.75
-39.72
-47.94
-35.48
-38.72
-32.41
-28.89
-31.1
-38.88
-39.01
-40.19
-43.61
-45.02
-41.95
-32.1
-38.24
-37.96
-36.17
-52.12
-31.31
-44.26
-41.58
-35.54
-40.52
-39.61
-34.92
-42.68
-48.04
-34.72
-32.99
-36.68
-43.12
-47.02
-44.09
-43.07
-39.99
-40.65
-39.65
-39.57
-41.06
-32.71
-37.6
-48.64
-33.11
-34.18
-39.48
-35.14
-41.5
-36.79
-45.68
-39.82
-34.05
-35.11
-43.42
-33.17
-37.63
-39.61
-37.17
-35.55
-40.71
-46.26
-28.14
-32.65
-35.57
-35.44
-35.04
-31.94
-46.4
-34.56
-32.64
-35.21
-36.08
-34.54
-31.52
-34.43
-42.49
-38.69
-62.05
-36.39
-31.74
-34.25
-35.7
-46.34
-29.67
-32.87
-39.39
-31.5
-43.17
-40.28
-39.89
-42.62
-49.41
-46.7
-44.13
-42.13
-52.9
-46.49
-42.84
-62.39
-41.77
-41.74
-42.57
-39.55
-37.86
-44.39
-48.41
-40.93
-42.76
-42.15
-41.08
-34.75
-37.04
-34.92
-40.39
-33.43
-45.03
-45.74
-39.28
-43.33
-37.29
-40.41
-33.7
-39.49
-39.53
-36.06
-47.66
-37.77
-37.41
-36.25
-31.81
-31.01
-34.69
-57.28
-37.59
-36.6
-36.63
-33.99
-39.38
-43.5
-32.08
-41.12
-34.38
-33.1
-33.0
-37.24
-36.36
-39.47
-38.86
-36.81
-40.78
-48.92
-35.76
-44.2
-31.26
-53.55
-36.28
-36.74
-42.98
-35.39
-40.27
-33.86
-36.09
-36.89
-45.33
-39.68
-42.31
-39.14
-44.43
-41.59
-50.07
-42.07
-38.07
-38.39
-47.92
-31.33
-32.36
-40.82
-44.13
-36.14
-43.8
-31.52
-29.74
-46.53
-42.58
-43.7
-43.05
-50.55
-46.95
-41.78
-34.53
-36.98
-37.22
-42.94
-41.18
-52.59
-37.79
-42.64
-30.66
-35.46
-64.01
-36.43
-39.8
-42.92
-79.44
-44.98
-39.07
-34.59
-44.28
-44.43
-45.87
-37.9
-40.53
-47.11
-38.54
-31.84
-34.72
-31.4
-32.69
-43.87
-38.48
-33.79
-48.24
-35.67
-38.0
-39.07
-43.19
-42.54
-40.24
-45.58
-32.97
-40.14
-28.86
-37.65
-43.0
-37.82
-44.38
-39.6
-33.17
-35.59
-37.98
-37.86
-40.07
-36.86
-31.6
-41.76
-39.62
-37.9
-40.61
-33.57
-44.39
-47.82
-40.61
-33.51
-38.16
-39.07
-46.98
-41.58
-38.76
-38.19
-45.86
-38.08
-33.13
-33.2
-44.93
-54.96
-35.34
-43.98
-37.67
-40.68
-37.32
iteration 2
-36.26
-44.01
-37.08
-45.36
-30.85
-41.13
-36.64
-38.76
-39.38
-45.91
-37.67
-35.23
-37.39
-35.1
-34.76
-39.84
-33.92
-37.7
-42.67
-39.7
-44.05
-46.86
-46.94
-46.11
-45.35
-41.5
-36.47
-43.9
-50.28
-45.84
-37.2
-50.85
-43.15
-37.02
-37.22
-28.75
-55.36
-39.7
-27.78
-44.88
-37.09
-54.23
-40.98
-42.31
-36.51
-53.93
-48.87
-34.31
-34.15
-50.28
-33.96
-41.87
-40.98
-38.87
-42.37
-39.59
-43.46
-39.39
-35.89
-40.51
-41.25
-39.3
-32.7
-50.89
-41.6
-47.2
-34.4
-42.16
-41.35
-49.07
-37.28
-35.41
-45.81
-44.52
-29.32
-32.83
-34.99
-44.59
-42.13
-35.57
-36.29
-47.38
-44.01
-40.54
-41.44
-36.54
-50.46
-44.63
-35.57
-37.19
-47.08
-31.5
-40.1
-36.22
-33.98
-42.93
-52.83
-49.95
-44.82
-33.39
-38.51
-33.76
-37.62
-38.83
-63.12
-41.82
-36.64
-35.68
-49.58
-40.42
-35.21
-34.38
-36.94
-55.48
-33.03
-32.41
-38.15
-49.56
-39.51
-35.71
-55.59
-44.14
-47.32
-48.44
-42.42
-45.21
-50.3
-39.19
-44.44
-46.26
-46.97
-35.93
-50.39
-31.98
-49.76
-39.95
-31.97
-40.93
-43.83
-44.87
-31.83
-38.15
-42.11
-43.57
-36.91
-45.66
-43.48
-44.52
-48.38
-49.74
-40.74
-40.98
-30.92
-40.92
-48.94
-36.94
-41.36
-43.54
-38.13
-35.02
-34.57
-44.2
-47.73
-46.31
-34.38
-46.66
-52.54
-36.32
-48.29
-41.49
-39.61
-39.8
-37.01
-36.73
-40.59
-43.66
-42.54
-39.26
-33.37
-43.84
-43.41
-41.41
-37.28
-40.4
-38.73
-48.23
-49.11
-37.93
-49.89
-31.24
-45.29
-40.87
-34.14
-38.67
-40.57
-33.24
-43.02
-35.66
-31.26
-29.32
-33.23
-43.87
-36.56
-40.85
-38.4
-35.88
-43.24
-35.22
-36.61
-34.66
-43.68
-40.0
-49.2
-39.06
-37.78
-41.03
-45.54
-35.86
-31.95
-34.28
-41.81
-52.3
-46.52
-33.75
-37.74
-61.07
-32.29
-39.2
-40.52
-32.37
-59.84
-34.04
-38.62
-34.05
-37.53
-38.66
-39.49
-54.51
-40.12
-54.22
-57.21
-33.81
-36.18
-50.5
-38.85
-35.48
-46.4
-36.67
-43.2
-39.56
-36.25
-36.02
-34.29
-43.93
-46.77
-33.12
-47.6
-42.26
-32.13
-44.43
-34.72
-30.03
-43.45
-41.86
-47.77
-42.77
-38.25
-46.72
-35.67
-35.39
-42.68
-38.6
-34.17
-37.15
-40.7
-44.23
-42.08
-33.26
-51.59
-33.92
-45.03
-35.72
-31.13
-45.51
-45.98
-37.05
-37.08
-39.98
-35.21
-40.95
-66.18
-41.85
-37.42
-30.21
-42.8
-37.32
-46.72
-43.82
-34.29
-42.64
-41.29
-42.08
-32.82
-44.94
-34.04
-40.91
-54.41
-42.25
-39.59
-39.92
-39.83
-44.51
-35.13
-35.77
-39.2
-34.54
-34.83
-41.49
-46.34
-41.0
-44.0
-28.33
-36.11
-41.85
-39.22
-41.37
-37.84
-37.79
-34.95
-39.24
-39.41
-43.9
-39.32
-36.44
-42.61
-35.87
-32.12
-42.67
-38.16
-42.33
-34.53
-39.8
-47.92
-37.05
-41.88
-37.29
-39.86
-40.3
-41.47
-41.84
-40.34
-46.62
-45.85
-33.18
-41.96
-55.33
-35.89
-48.48
-51.8
-32.14
-45.75
-54.53
-36.04
-38.04
-47.49
-35.28
-35.84
-35.1
-44.67
-39.96
-45.19
-33.51
-37.71
-60.18
-49.52
-31.64
-31.33
-31.79
-35.68
-40.25
-60.02
-37.09
-41.38
-40.15
-35.19
-35.6
-57.27
-38.83
-34.64
-39.85
-45.24
-44.88
-49.5
-40.28
-46.99
-30.85
-34.74
-37.36
-33.14
-27.65
-38.89
-35.06
-39.42
-50.8
-42.95
-35.52
-45.37
-64.07
-40.77
-31.82
-37.46
-35.47
-36.58
-45.09
-38.78
-41.27
-45.32
-43.71
-39.58
-41.28
-43.29
-34.15
-34.47
-32.81
-36.19
-45.55
-48.04
-38.43
-40.44
-37.53
-36.19
-45.4
-48.42
-46.84
-37.47
-50.52
-43.38
-46.69
-47.32
-37.68
-55.0
-43.36
-35.37
-38.24
-41.78
-42.53
-34.59
-47.12
-35.33
-42.14
-38.75
-48.01
-48.3
-29.65
-47.68
-53.79
-45.96
-34.76
-32.66
-38.15
-36.15
-36.79
-38.51
-50.43
-35.34
-36.62
-33.37
-31.65
-31.27
-41.4
-38.94
-40.4
-40.35
-33.72
-37.12
-30.42
-37.98
-37.31
-39.6
-38.51
-30.94
-40.54
-29.97
-37.0
-32.71
-39.16
-43.61
-27.94
-45.81
-42.02
-41.1
-42.26
-34.39
-45.19
-42.89
-33.03
-38.26
-43.8
-33.77
-41.02
-39.59
-39.57
-42.43
-40.23
-31.89
-39.86
-35.78
-48.68
-49.71
-34.51
-38.98
-46.53
-31.41
-39.75
-35.84
-39.23
-39.06
-42.12
-39.36
-39.87
-41.37
-40.78
-36.56
-51.9
-30.6
-39.95
-43.59
-34.52
-38.52
-39.21
-44.85
-41.27
-39.16
-36.72
-32.52
-36.28
-33.23
-46.38
-38.16
-32.73
-35.6
-43.01
-36.03
-61.21
-41.49
-59.79
-49.45
-37.84
-35.79
-35.64
-33.17
-43.96
-37.91
-33.55
-35.59
-35.42
-29.6
-48.0
-44.94
-38.24
-36.26
-46.82
-58.96
-32.51
-33.1
-35.27
-38.36
-38.87
-44.32
-40.31
-32.92
-33.03
-37.85
-36.02
-41.03
-44.64
-37.93
-39.66
-35.0
-28.26
-45.39
-29.85
-42.1
-37.89
-48.32
-36.64
-44.55
-48.3
-42.15
-37.81
-29.85
-30.44
-38.98
-37.95
-61.62
-46.43
-58.11
-40.79
-57.58
-41.9
-44.86
-35.4
-54.45
-38.91
-41.54
-39.32
-32.1
-40.91
-28.72
-37.94
-32.34
-46.42
-33.42
-42.62
-41.42
-43.07
-41.09
-39.93
-42.67
-37.64
-35.39
-46.31
-47.03
-36.32
-47.09
-43.36
-31.44
-36.95
-46.47
-38.72
-36.88
-38.91
-30.35
-32.79
-35.6
-36.54
-62.06
-43.84
-47.81
-35.1
-33.36
-32.13
-41.6
-43.85
-40.19
-37.46
-35.3
-38.27
-46.2
-36.04
-35.12
-38.07
-27.34
-42.76
-37.47
-34.57
-46.73
-37.48
-55.28
-41.76
-31.74
-40.55
-46.18
-42.73
-38.88
-38.67
-35.25
-42.89
-40.91
-43.5
-35.86
-34.41
-47.38
-35.45
-37.4
-35.99
-50.54
-36.5
-40.19
-31.37
-36.37
-35.01
-33.89
-38.3
-39.74
-47.41
-38.67
-48.66
-46.63
-34.42
-38.25
-53.73
-39.27
-36.53
-48.29
-41.61
-34.18
-42.23
-38.52
-45.76
-39.56
-33.51
-43.91
-30.19
-42.43
-32.91
-42.67
-38.91
-40.46
-33.78
-49.77
-36.57
-44.04
-42.07
-33.54
-35.38
-34.68
-49.63
-42.91
-37.41
-42.15
-42.68
-41.99
-33.19
-33.46
-46.94
-40.95
-40.03
-40.39
-44.93
-43.79
-35.15
-45.54
-50.13
-45.37
-40.57
-45.03
-38.13
-50.08
-38.81
-42.6
-47.7
-50.37
-40.26
-47.23
-42.33
-41.73
-31.32
-37.16
-42.7
-42.48
-36.19
-42.39
-31.65
-34.25
-38.39
-50.26
-34.18
-46.53
-34.81
-42.92
-44.54
-46.81
-36.71
-31.93
-38.72
-36.92
-41.57
-48.92
-44.37
-45.29
-34.44
-30.47
-42.4
-36.75
-31.38
-36.83
-37.0
-42.14
-41.22
-54.9
-36.55
-33.0
-38.71
-41.17
-41.06
-56.19
-37.1
-32.16
-39.39
-42.74
-42.02
-49.23
-37.11
-33.21
-35.03
-44.79
-37.18
-43.2
-48.15
-37.5
-35.03
-51.62
-43.63
-51.69
-37.45
-42.54
-34.85
-34.43
-44.61
-41.75
-34.82
-48.48
-38.59
-37.9
-33.29
-34.96
-34.77
-38.72
-37.55
-35.93
-38.53
-38.31
-39.17
-33.31
-36.15
-34.72
-33.59
-33.06
-36.76
-38.43
-33.05
-29.1
-36.39
-41.53
-33.44
-35.96
-37.17
-48.01
-39.36
-36.03
-33.56
-42.8
-39.75
-45.92
-43.39
-51.01
-36.99
-42.27
-33.9
-40.84
-35.87
-35.32
-31.93
-42.58
-34.04
-34.85
-37.59
-35.91
-37.81
-38.52
-40.41
-37.16
-35.34
-48.16
-40.07
-46.53
-42.53
-36.79
-44.61
-40.57
-35.37
-39.16
-37.89
-36.36
-49.79
-33.89
-42.02
-68.0
-38.88
-34.02
-58.24
-36.32
-31.33
-43.73
-47.41
-54.73
-44.52
-44.85
-33.42
-32.41
-37.94
-32.64
-37.76
-29.84
-35.75
-42.91
-39.76
-50.98
-40.32
-31.05
-38.49
-42.42
-37.97
-37.09
-34.93
-57.72
-37.05
-43.16
-50.73
-36.01
-38.69
-38.08
-48.77
-44.84
-67.51
-41.74
-37.19
-41.12
-41.51
-37.33
-41.7
-42.73
-32.1
-41.32
-44.08
-45.11
-36.81
-43.94
-50.25
-36.64
-47.32
-36.44
-42.21
-59.83
-38.94
-31.18
-36.41
-42.08
-50.19
-44.3
-48.36
-38.52
-44.41
-36.95
-41.95
-32.47
-51.7
-41.83
-42.36
-31.76
-36.72
-38.48
-41.16
-35.73
-46.42
-39.62
-48.94
-44.15
-38.3
-59.77
-39.23
-40.05
-39.69
-37.29
-34.34
-47.13
-35.29
-45.86
-44.26
-44.0
-42.27
-44.25
-41.96
-42.62
-35.54
-39.73
-41.36
-31.42
-45.0
-46.82
-29.51
-36.7
-28.86
-40.72
-37.21
-34.78
-37.27
-41.21
-33.26
-38.85
-36.93
-46.06
-50.13
-34.6
-33.75
-35.85
-35.65
-34.55
-37.31
-48.4
-40.23
-31.95
-40.98
-39.1
-32.01
-36.52
-45.49
-36.61
-36.47
-53.99
-35.94
-39.91
-63.06
-35.42
-40.61
-52.39
-35.48
-37.4
-51.79
-47.45
-37.97
-39.27
-39.08
-38.69
-42.09
-41.64
-57.75
-43.92
-30.24
-48.78
-49.43
-40.88
-41.42
-28.73
-43.8
-30.86
-36.42
-46.03
-37.8
-44.68
-43.93
-37.38
-32.84
-41.2
-30.71
-36.82
-42.88
-47.44
-40.38
-37.98
-39.44
-38.17
-33.45
-48.92
-36.78
-45.18
-51.28
-41.37
-36.44
-33.34
-35.51
-39.39
-36.81
-34.41
-35.57
-36.74
-38.5
-45.39
-43.55
-40.61
-36.62
-39.33
-41.04
-40.1
-48.85
-39.13
-41.11
-52.27
-38.08
-34.5
-42.65
-37.12
-31.46
-42.23
-43.31
-39.35
-54.9
-32.61
-44.69
-44.15
-36.74
-31.47
-42.85
-38.01
-42.06
-43.58
-42.94
-37.1
-43.92
-46.5
-32.93
-46.7
-39.16
-38.36
-45.85
-35.62
-37.74
-39.62
-40.67
-37.04
-48.13
-41.0
-54.07
-42.91
-39.33
-46.42
-29.89
-37.59
-35.59
-47.53
-39.44
-40.55
-45.79
-33.59
-37.72
-37.77
-48.02
-57.63
-49.83
-43.7
-40.58
-40.94
-40.05
-33.57
-33.07
-38.8
-48.82
-40.44
-34.3
-39.48
-46.09
-36.64
-46.86
-45.26
-40.39
-48.45
-43.82
-47.37
-49.14
-42.44
-39.36
-37.81
-40.7
-45.45
-42.95
-36.41
-60.23
-35.93
-47.49
-41.06
-41.93
-38.57
-44.59
-38.1
-39.86
-61.01
-42.15
-36.32
-48.29
-39.07
-39.65
-32.19
-43.57
-30.95
-27.59
-41.28
-43.09
-42.84
-41.81
-46.5
-44.32
-44.9
-51.07
-38.55
-55.19
-56.35
-63.03
-50.35
-42.8
-33.81
-46.67
-32.92
-56.64
-38.84
-45.92
-43.96
-38.7
-46.55
-46.71
-46.87
-34.25
-30.02
-44.18
-43.82
-53.3
-38.99
-28.9
-41.14
-35.58
-49.81
-34.71
-37.29
-35.22
-43.9
-44.48
-58.88
-46.13
-35.54
-35.34
-35.18
-40.29
-40.55
-34.84
-26.94
-42.9
-38.82
-31.33
-34.12
-35.48
-40.76
-53.22
-49.32
-35.24
-36.18
-37.77
-39.31
-36.52
-37.93
-40.12
-37.45
-42.44
-43.56
-35.02
-35.07
-38.96
-45.07
-30.92
-44.83
-32.71
-44.73
-41.87
-38.57
-39.53
-40.44
-42.52
-36.64
-39.62
-59.46
-39.56
-48.51
-44.52
-48.35
-34.83
-41.86
-44.33
-39.91
-48.33
-29.68
-40.48
-32.4
-34.99
-38.45
-41.21
-54.74
-45.39
-41.6
-34.52
-37.87
-41.35
-34.76
-40.01
-36.4
-44.26
-34.8
-41.36
-34.95
-38.78
-49.1
-35.73
-55.49
-42.66
-34.57
-40.6
-38.08
-33.19
-47.8
-42.28
-44.05
-43.22
-49.1
-45.39
-33.81
-43.81
-50.57
-43.29
-36.36
-34.79
-29.97
-37.83
-41.87
-38.65
-38.45
-36.17
-36.77
-47.8
-31.22
-33.2
-47.82
-31.46
-48.99
-36.19
-35.6
-30.32
-40.18
-44.58
-43.05
-37.09
-44.92
-33.52
-36.79
-40.32
-49.49
-37.53
-43.01
-45.0
-34.0
-36.71
-51.08
-43.07
-39.24
-36.07
-48.26
-33.27
-33.14
-41.76
-41.3
-55.74
-34.56
-39.48
-37.7
-36.11
-38.91
-39.68
-40.27
-34.78
-43.79
-44.71
-31.58
-33.85
-38.58
-31.87
-36.81
-42.09
-37.81
-45.42
-37.55
-49.47
-38.98
-38.08
-33.85
-39.35
-46.97
-46.28
-51.38
-55.38
-39.94
-38.46
-48.55
-39.62
-44.13
-30.16
-34.59
-31.38
-37.34
-33.19
-38.36
-36.64
-43.92
-38.78
-50.9
-39.18
-38.23
-45.42
-38.7
-40.42
-42.73
-32.63
-47.28
-41.95
-42.57
-35.7
-28.84
-64.35
-43.11
-60.8
-39.69
-35.23
-45.96
-41.04
-35.44
-36.21
-42.62
-36.71
-42.71
-50.77
-49.21
-41.77
-37.54
-37.37
-40.23
-36.9
-39.28
-37.59
-35.8
-36.8
-38.41
-33.59
-40.9
-38.97
-39.57
-41.52
-34.92
-33.44
-39.04
-34.58
-50.1
-37.45
-49.3
-39.9
-35.4
-39.83
-36.99
-41.08
-42.58
-35.28
-37.13
-40.59
-57.59
-40.18
-48.56
-35.86
-35.16
-37.34
-29.39
-33.9
-34.69
-44.11
-42.06
-45.96
-49.26
-44.57
-43.76
-55.13
-38.62
-35.88
-34.42
-44.83
-30.26
-34.32
-31.62
-36.64
-35.79
-37.38
-53.34
-44.2
-40.5
-33.82
-36.29
-40.83
-34.31
-40.57
-36.99
-49.49
-37.28
-40.2
-44.24
-33.59
-41.46
-32.67
-33.63
-39.49
-42.03
-34.96
-46.01
-32.43
-39.88
-39.44
-40.51
-38.85
-32.8
-33.41
-37.93
-37.15
-43.45
-36.5
-55.31
-41.48
-36.83
-44.51
-53.12
-38.47
-41.15
-36.47
-37.11
-39.14
-35.04
-55.99
-33.57
-41.1
-40.84
-41.57
-36.34
-48.43
-35.8
-32.48
-51.39
-39.14
-48.86
-43.44
-43.38
-47.07
-38.1
-39.9
-43.04
-35.65
-40.92
-40.51
-31.63
-53.62
-45.94
-44.88
-35.78
-36.41
-69.17
-45.79
-34.23
-34.26
-41.57
-41.8
-33.67
-35.14
-35.9
-38.04
-34.52
-65.77
-33.62
-36.03
-36.96
-47.17
-35.86
-35.74
-38.71
-45.37
-42.98
-36.62
-38.7
-44.76
-46.55
-37.26
-38.44
-42.66
-56.49
-38.93
-41.29
-31.41
-29.84
-30.86
-56.22
-31.74
-37.12
-40.11
-35.05
-42.8
-43.31
-45.23
-33.11
-40.9
-32.97
-40.21
-33.27
-34.5
-36.05
-40.55
-32.57
-30.99
-38.27
-42.97
-43.95
-35.35
-38.55
-44.52
-33.48
-34.5
-38.89
-36.94
-37.24
-56.52
-32.06
-42.73
-47.44
-38.5
-39.54
-44.69
-35.65
-32.69
-45.32
-37.35
-43.71
-43.61
-34.74
-40.45
-39.03
-50.8
-53.63
-36.37
-54.72
-31.32
-33.57
-34.35
-35.04
-49.75
-38.1
-34.5
-44.19
-33.35
-42.22
-42.96
-37.48
-42.13
-60.02
-38.15
-30.59
-41.62
-40.26
-42.93
-37.25
-33.56
-36.06
-34.72
-44.09
-38.05
-36.82
-44.24
-35.35
-48.24
-33.7
-39.36
-35.25
-36.59
-49.79
-51.96
-38.05
-30.73
-40.5
-30.3
-35.44
-30.74
-34.54
-37.82
-34.28
-39.41
-40.65
-49.74
-31.98
-36.96
-46.43
-48.36
-32.68
-29.75
-38.17
-68.81
-47.69
-39.98
-39.65
-36.33
-41.37
-36.58
-35.68
-36.85
-40.45
-38.62
-32.38
-46.73
-33.71
-57.34
-50.37
-40.68
-35.48
-47.74
-37.61
-50.17
-44.01
-43.88
-43.9
-47.28
-38.99
-39.16
-34.47
-43.93
-38.44
-37.84
-38.4
-39.06
-33.09
-43.21
-40.68
-41.25
-40.08
-43.32
-38.47
-43.87
-37.65
-52.92
-42.31
-44.55
-40.78
-33.31
-42.49
-38.2
-39.27
-39.17
-37.02
-39.72
-45.54
-39.17
-35.64
-36.97
-34.24
-41.09
-65.85
-41.88
-41.75
-42.22
-35.26
-39.9
-47.97
-40.88
-34.16
-33.16
-35.36
-38.94
-41.04
-39.31
-39.63
-37.16
-39.12
-38.49
-46.43
-40.72
-33.21
-34.57
-42.05
-33.56
-46.15
-48.84
-42.74
-44.42
-52.78
-48.47
-34.22
-33.62
-39.8
-35.67
-40.52
-41.03
-51.31
-40.04
-46.73
-36.18
-33.39
-49.51
-44.95
-35.49
-47.73
-34.58
-40.28
-31.5
-43.57
-36.89
-39.96
-41.96
-37.05
-51.37
-45.67
-39.06
-50.86
-41.49
-40.49
-38.05
-45.62
-36.24
-34.0
-35.8
-46.63
-38.45
-36.08
-36.32
-35.79
-37.68
-33.82
-45.0
-42.4
-45.45
-39.45
-39.35
-37.45
-32.18
-49.58
-45.98
-38.91
-34.41
-34.83
-36.81
-40.07
-40.97
-58.82
-37.06
-35.7
-46.67
-36.03
-41.21
-41.13
-36.75
-33.78
-43.82
-45.95
-40.12
-62.04
-35.9
-42.71
-40.4
-35.36
-33.76
-41.49
-47.66
-43.09
-41.98
-39.53
-52.57
-51.53
-40.37
-63.38
-40.04
-47.53
-40.62
-48.77
-42.91
-45.47
-43.57
-38.14
-37.34
-34.95
-45.66
-40.13
-33.09
-38.93
-34.57
-44.36
-45.97
-50.37
-35.51
-32.84
-38.48
-32.73
-36.27
-33.51
-41.01
-40.01
-44.21
-44.03
-39.82
-34.62
-29.84
-33.67
-34.36
-58.81
-40.45
-34.85
-35.87
-44.99
-40.78
-54.73
-39.36
-44.78
-29.01
-30.68
-35.25
-46.36
-48.68
-41.69
-35.81
-44.18
-32.04
-37.4
-44.26
-61.58
-33.47
-57.2
-44.81
-39.91
-42.35
-32.1
-37.63
-42.9
-35.59
-55.71
-42.69
-30.38
-40.49
-37.65
-45.89
-48.75
-73.36
-50.86
-34.11
-41.89
-38.22
-41.01
-41.93
-48.54
-40.1
-29.4
-38.36
-32.9
-44.39
-33.37
-38.79
-32.44
-40.95
-33.88
-33.85
-40.37
-43.47
-48.09
-38.9
-33.91
-33.39
-44.81
-36.83
-38.65
-39.73
-42.45
-57.28
-39.58
-39.35
-54.99
-39.56
-45.1
-42.49
-38.94
-44.67
-46.0
-46.27
-38.9
-41.92
-46.84
-35.1
-36.39
-32.92
-32.44
-42.22
-39.93
-54.7
-45.09
-35.47
-43.48
-34.77
-40.88
-40.03
-34.16
-35.83
-38.45
-31.67
-37.22
-36.42
-52.15
-35.24
-38.9
-42.05
iteration 3
-51.03
-31.61
-35.2
-32.28
-54.2
-34.64
-34.86
-45.15
-39.44
-31.94
-37.61
-42.99
-41.88
-44.05
-52.46
-38.73
-45.46
-38.8
-34.64
-38.36
-36.05
-35.25
-38.69
-42.28
-38.14
-39.04
-40.86
-37.32
-46.61
-48.01
-57.2
-41.1
-38.37
-38.1
-48.38
-40.3
-41.36
-46.85
-37.82
-47.07
-33.37
-32.81
-48.2
-43.54
-31.34
-36.62
-39.22
-27.94
-31.9
-41.88
-35.24
-34.53
-45.2
-35.13
-38.73
-38.77
-30.25
-52.05
-38.6
-33.16
-37.82
-31.75
-44.5
-32.87
-35.54
-36.13
-35.81
-32.74
-45.68
-36.68
-29.17
-47.34
-31.47
-37.37
-34.65
-50.68
-31.45
-28.61
-38.05
-43.74
-58.4
-31.02
-35.63
-36.72
-43.88
-32.98
-39.53
-58.0
-47.76
-36.3
-38.23
-36.74
-43.61
-38.5
-51.08
-43.12
-44.59
-41.66
-41.22
-42.22
-33.48
-43.28
-33.75
-38.16
-62.92
-54.77
-36.32
-35.48
-45.13
-40.7
-35.93
-36.84
-52.67
-40.3
-33.03
-56.44
-30.31
-45.8
-47.79
-52.97
-51.33
-31.14
-45.41
-38.5
-41.43
-39.43
-41.85
-70.43
-45.29
-39.64
-44.42
-44.45
-39.38
-37.8
-33.64
-43.19
-35.86
-46.54
-34.12
-43.91
-54.04
-38.13
-38.46
-33.69
-42.96
-33.04
-34.52
-39.01
-36.98
-61.14
-40.99
-37.55
-41.76
-41.97
-30.35
-43.77
-42.62
-43.22
-48.43
-34.05
-41.84
-33.8
-42.47
-33.69
-37.23
-44.03
-45.12
-37.8
-55.0
-35.66
-42.88
-34.63
-46.78
-41.09
-46.87
-43.88
-35.5
-39.73
-40.62
-32.94
-36.65
-51.05
-41.43
-50.17
-47.44
-38.6
-40.79
-32.61
-43.2
-53.28
-42.19
-61.46
-37.64
-36.84
-35.09
-35.55
-38.87
-38.17
-36.73
-52.36
-39.49
-35.75
-45.08
-46.36
-38.11
-43.09
-45.26
-39.98
-34.1
-37.89
-40.34
-36.39
-33.55
-37.25
-41.47
-34.44
-33.69
-35.8
-44.53
-33.33
-52.17
-33.23
-39.23
-39.39
-37.05
-36.47
-41.85
-38.34
-45.26
-35.35
-36.85
-40.75
-52.99
-35.88
-35.97
-43.65
-35.35
-40.72
-33.59
-35.78
-41.89
-40.95
-34.91
-42.88
-39.32
-47.23
-49.66
-37.68
-43.52
-46.93
-44.02
-42.93
-36.25
-32.98
-32.01
-44.14
-31.95
-34.34
-37.58
-34.92
-39.83
-39.87
-40.31
-43.13
-36.81
-35.37
-38.48
-43.58
-35.98
-35.3
-29.43
-31.17
-43.03
-42.89
-31.36
-37.11
-41.48
-36.92
-40.57
-34.34
-37.43
-42.68
-35.53
-38.06
-36.72
-38.67
-39.63
-35.18
-33.29
-34.74
-50.84
-34.58
-36.91
-42.34
-48.8
-45.87
-45.02
-37.44
-36.29
-45.18
-34.12
-35.77
-30.22
-37.44
-35.68
-44.9
-38.0
-37.73
-30.62
-33.88
-48.94
-32.58
-35.02
-56.86
-51.2
-37.78
-35.44
-40.69
-36.68
-37.71
-35.11
-38.4
-38.12
-32.54
-50.1
-50.04
-38.24
-34.41
-45.96
-40.68
-37.65
-41.25
-36.56
-32.2
-66.95
-34.25
-47.51
-39.14
-35.68
-46.92
-32.35
-35.04
-39.86
-37.54
-44.14
-38.62
-38.32
-42.15
-41.58
-46.89
-39.06
-34.18
-32.3
-44.15
-38.01
-31.27
-35.48
-38.67
-42.19
-39.89
-44.61
-39.66
-44.78
-45.3
-46.94
-36.74
-37.67
-47.18
-40.55
-44.67
-48.64
-57.63
-41.28
-35.94
-30.39
-41.02
-49.1
-43.08
-41.5
-34.07
-37.14
-31.11
-43.45
-38.91
-37.35
-35.78
-38.8
-45.15
-34.11
-42.93
-38.93
-41.31
-40.71
-41.05
-32.91
-40.36
-47.24
-48.22
-35.05
-37.66
-40.53
-33.21
-57.6
-40.76
-30.56
-42.02
-37.49
-48.49
-56.71
-47.61
-37.97
-33.94
-40.12
-37.41
-36.72
-46.48
-32.22
-38.26
-43.66
-33.07
-46.71
-39.99
-38.26
-33.88
-38.85
-39.6
-47.3
-42.85
-49.21
-35.6
-33.95
-31.6
-35.8
-38.19
-28.61
-36.94
-42.46
-37.01
-33.51
-43.34
-42.21
-45.18
-41.32
-39.32
-43.41
-59.47
-42.66
-32.84
-32.52
-32.5
-34.44
-42.6
-32.29
-35.31
-42.32
-34.95
-45.59
-43.59
-33.38
-36.41
-35.93
-44.74
-38.73
-34.27
-36.21
-47.02
-34.51
-35.95
-34.87
-48.04
-31.53
-34.79
-47.84
-38.34
-42.59
-51.1
-41.67
-32.3
-37.09
-30.86
-37.6
-34.86
-34.69
-37.42
-42.96
-35.72
-40.2
-56.94
-41.28
-32.6
-41.58
-31.03
-43.04
-39.11
-37.92
-37.8
-55.66
-37.62
-35.38
-33.13
-47.17
-36.53
-46.97
-35.58
-39.89
-37.28
-36.87
-39.61
-43.47
-45.67
-32.16
-49.07
-39.85
-31.52
-39.83
-43.1
-50.18
-37.09
-32.0
-36.61
-38.49
-55.2
-32.57
-41.45
-53.42
-50.49
-40.75
-35.13
-31.15
-36.12
-35.84
-37.97
-45.44
-41.32
-31.2
-35.64
-37.04
-31.95
-39.38
-35.53
-41.37
-46.55
-40.45
-54.61
-37.0
-33.02
-39.78
-33.05
-44.22
-59.48
-37.33
-36.57
-37.22
-42.14
-45.02
-42.96
-41.29
-45.16
-38.32
-38.48
-44.26
-39.16
-37.0
-49.92
-34.0
-43.74
-49.34
-34.93
-40.13
-40.1
-35.52
-39.94
-38.22
-43.49
-53.2
-33.78
-37.3
-41.92
-34.86
-30.39
-42.49
-36.63
-39.24
-45.22
-42.65
-38.01
-41.13
-33.04
-47.68
-32.32
-42.05
-45.27
-38.09
-39.15
-46.82
-43.37
-43.01
-35.29
-44.66
-35.0
-37.34
-32.0
-32.37
-33.27
-45.02
-42.9
-39.6
-42.21
-37.73
-40.15
-45.16
-34.88
-32.52
-35.05
-34.38
-41.97
-39.32
-47.33
-42.95
-42.64
-47.58
-32.95
-37.81
-39.88
-51.39
-43.95
-41.76
-49.46
-38.4
-35.08
-35.37
-42.59
-38.75
-37.41
-37.55
-32.67
-49.31
-39.03
-34.01
-38.95
-42.63
-35.52
-41.86
-36.81
-43.75
-35.8
-46.47
-37.95
-38.21
-38.38
-39.02
-37.46
-48.84
-44.87
-49.41
-34.68
-45.78
-36.72
-38.34
-45.52
-38.37
-40.15
-45.21
-39.68
-34.63
-40.53
-42.08
-35.54
-36.16
-39.28
-38.35
-62.07
-44.01
-34.04
-41.05
-50.35
-44.48
-45.91
-40.3
-35.5
-42.19
-43.47
-45.18
-32.92
-44.33
-58.54
-46.31
-37.94
-39.18
-49.93
-43.45
-34.23
-38.55
-42.57
-52.1
-31.62
-39.03
-37.25
-36.82
-56.29
-36.19
-34.04
-31.76
-45.88
-49.14
-37.61
-46.64
-36.67
-34.7
-55.94
-40.56
-48.07
-38.13
-38.35
-44.91
-43.26
-36.45
-38.08
-38.31
-43.31
-40.37
-57.26
-30.57
-29.85
-35.8
-41.75
-41.62
-35.28
-52.7
-47.42
-34.05
-32.88
-30.77
-42.56
-50.53
-47.88
-39.61
-41.64
-29.93
-36.13
-50.37
-46.25
-35.02
-44.77
-33.7
-43.93
-38.16
-36.37
-39.13
-34.09
-47.15
-40.9
-39.45
-49.48
-38.87
-35.63
-47.09
-38.57
-53.61
-30.99
-43.21
-44.51
-39.0
-40.83
-48.49
-37.12
-35.89
-47.41
-56.13
-35.35
-39.49
-33.26
-30.05
-47.47
-32.55
-32.04
-37.28
-38.93
-40.58
-36.5
-34.28
-49.76
-41.76
-40.08
-49.28
-45.97
-40.59
-42.08
-36.62
-36.37
-39.19
-34.33
-37.51
-34.41
-51.8
-54.04
-36.5
-44.43
-42.66
-50.29
-36.17
-44.3
-34.77
-49.34
-38.15
-40.97
-39.36
-39.37
-41.59
-45.68
-37.6
-34.41
-39.57
-36.12
-28.12
-33.2
-34.82
-36.36
-37.62
-38.97
-35.11
-39.4
-41.89
-33.4
-46.0
-54.4
-36.7
-41.53
-38.07
-39.46
-41.78
-47.82
-34.02
-57.32
-38.11
-38.04
-37.38
-46.21
-40.69
-34.08
-39.05
-31.85
-34.85
-42.52
-40.92
-33.56
-63.01
-39.15
-36.6
-49.06
-38.71
-35.28
-39.82
-43.33
-32.79
-30.86
-44.16
-44.44
-48.13
-45.99
-55.44
-33.14
-43.93
-38.58
-39.48
-45.9
-31.2
-35.23
-46.95
-38.26
-37.77
-34.58
-44.1
-38.94
-50.46
-35.74
-34.13
-37.97
-29.13
-46.7
-44.22
-32.0
-34.8
-34.28
-42.05
-65.54
-41.57
-43.37
-34.45
-43.21
-38.25
-42.1
-47.37
-34.59
-35.74
-41.9
-34.93
-34.99
-42.67
-40.3
-60.51
-32.59
-44.42
-31.92
-33.61
-36.34
-43.21
-33.6
-33.2
-40.06
-40.9
-30.86
-45.59
-52.35
-39.48
-40.59
-46.2
-30.93
-38.45
-49.45
-39.44
-39.43
-33.25
-34.42
-53.9
-38.47
-35.98
-36.88
-39.74
-43.03
-44.76
-30.87
-42.35
-38.61
-36.85
-49.09
-37.19
-40.27
-33.97
-57.28
-40.67
-51.91
-44.36
-32.78
-44.94
-34.71
-39.24
-31.97
-29.39
-47.76
-55.19
-40.02
-46.35
-37.69
-28.32
-37.16
-34.34
-57.06
-47.07
-30.37
-38.88
-29.83
-46.93
-40.03
-33.44
-37.27
-49.2
-34.15
-39.19
-40.76
-42.57
-33.96
-34.98
-41.13
-43.21
-35.15
-38.95
-41.59
-38.08
-33.49
-38.56
-43.15
-40.38
-50.07
-36.98
-35.52
-34.74
-43.09
-36.66
-39.45
-40.76
-54.15
-42.02
-41.22
-40.43
-34.35
-43.3
-27.52
-42.16
-37.87
-39.28
-43.76
-30.84
-43.83
-30.25
-49.1
-40.5
-34.34
-43.12
-37.16
-42.97
-36.57
-47.1
-39.38
-41.82
-39.95
-48.32
-44.57
-41.66
-34.49
-33.52
-41.5
-39.07
-33.58
-32.26
-40.25
-41.05
-45.43
-33.21
-47.0
-36.34
-37.32
-45.17
-43.5
-33.02
-42.17
-48.01
-28.89
-50.19
-38.94
-66.22
-32.06
-33.04
-33.48
-34.43
-38.09
-45.35
-37.37
-38.22
-36.51
-44.6
-47.22
-46.76
-42.53
-31.71
-33.44
-35.18
-33.42
-32.92
-45.92
-35.15
-36.21
-42.5
-40.02
-39.85
-47.77
-42.87
-37.29
-43.82
-43.18
-47.38
-36.97
-34.93
-59.0
-32.02
-46.48
-41.54
-46.05
-34.61
-47.24
-46.35
-64.41
-47.02
-37.89
-31.79
-38.18
-30.44
-61.22
-42.01
-37.45
-33.16
-36.55
-38.81
-34.43
-44.37
-44.08
-32.46
-42.34
-41.62
-39.29
-34.12
-47.19
-50.56
-36.2
-41.93
-42.29
-38.59
-36.92
-41.9
-36.73
-35.51
-33.86
-40.92
-49.77
-38.26
-37.82
-32.18
-38.86
-43.01
-35.81
-38.69
-43.53
-39.6
-30.71
-43.65
-37.57
-45.76
-48.26
-41.71
-44.64
-40.74
-37.06
-36.08
-43.45
-42.79
-45.96
-45.54
-46.26
-37.23
-46.46
-35.64
-35.55
-37.99
-34.62
-38.09
-47.25
-39.85
-43.99
-43.44
-49.94
-47.26
-37.18
-39.42
-36.75
-34.51
-40.64
-44.03
-42.52
-43.24
-56.13
-40.08
-39.66
-33.39
-40.03
-39.85
-37.73
-38.76
-31.09
-41.2
-53.7
-37.33
-38.1
-43.82
-43.73
-49.18
-31.19
-30.47
-43.64
-34.98
-34.84
-35.75
-50.96
-52.08
-43.27
-37.98
-34.53
-48.22
-36.01
-35.47
-43.38
-45.35
-37.8
-32.0
-50.82
-41.77
-40.15
-35.62
-42.12
-42.8
-46.82
-35.95
-40.38
-44.58
-36.31
-29.01
-33.64
-33.63
-37.08
-38.67
-52.88
-35.99
-31.67
-47.16
-35.41
-53.3
-37.65
-31.99
-39.17
-34.93
-44.3
-34.68
-31.58
-43.07
-34.32
-34.98
-51.06
-35.35
-37.19
-31.39
-43.35
-39.91
-38.31
-36.12
-60.42
-38.75
-36.32
-33.45
-41.17
-41.53
-40.24
-39.65
-30.66
-36.84
-37.26
-36.82
-51.59
-38.03
-45.09
-44.52
-35.88
-37.68
-33.33
-37.95
-34.82
-36.77
-38.74
-41.39
-40.36
-38.93
-48.1
-41.93
-34.07
-48.89
-35.52
-40.2
-37.22
-37.91
-33.14
-44.73
-33.53
-33.67
-43.89
-44.77
-35.93
-36.04
-39.24
-39.01
-39.91
-36.35
-41.58
-31.03
-34.08
-34.32
-37.96
-54.15
-35.63
-41.15
-34.51
-44.49
-30.22
-36.87
-39.1
-36.83
-57.73
-34.98
-31.49
-51.21
-32.72
-41.48
-34.36
-39.46
-44.4
-40.62
-44.89
-55.98
-34.82
-37.4
-42.78
-48.38
-51.34
-38.06
-44.93
-45.61
-38.47
-39.13
-35.0
-36.86
-34.16
-31.48
-39.73
-32.34
-34.72
-34.38
-47.06
-36.43
-43.66
-35.92
-51.16
-40.94
-38.34
-40.57
-30.82
-33.17
-46.58
-43.17
-32.27
-47.31
-36.46
-46.23
-38.38
-37.31
-34.6
-33.85
-31.98
-34.19
-39.45
-39.39
-32.45
-36.52
-38.34
-35.01
-32.44
-42.07
-41.55
-31.18
-56.3
-45.76
-29.24
-49.44
-31.73
-35.71
-40.25
-48.93
-28.74
-28.87
-37.82
-43.9
-34.52
-45.96
-44.39
-39.18
-42.64
-38.09
-45.38
-34.97
-32.51
-34.41
-44.69
-35.22
-43.02
-31.98
-39.98
-40.65
-35.6
-33.36
-41.54
-31.45
-39.76
-38.99
-37.0
-37.26
-41.08
-49.14
-44.84
-49.46
-44.66
-45.25
-40.67
-40.64
-41.26
-37.92
-38.35
-44.88
-36.88
-38.58
-37.88
-40.99
-35.33
-39.31
-38.61
-34.99
-49.29
-52.56
-36.16
-38.3
-41.79
-35.06
-36.84
-38.83
-36.38
-58.17
-36.93
-33.02
-49.27
-35.92
-38.49
-40.28
-40.31
-45.27
-36.53
-33.84
-32.54
-50.94
-35.08
-37.59
-34.59
-31.86
-39.73
-33.82
-48.08
-44.45
-54.16
-31.64
-39.17
-35.28
-38.13
-37.57
-31.34
-48.33
-41.11
-43.8
-33.02
-37.55
-37.88
-40.53
-31.21
-31.45
-35.14
-30.41
-36.8
-44.87
-40.65
-41.9
-40.4
-32.55
-46.25
-41.38
-38.06
-42.51
-36.71
-43.23
-35.48
-42.53
-33.34
-29.43
-39.99
-30.84
-41.65
-34.17
-35.42
-39.1
-40.27
-30.78
-35.33
-35.11
-37.89
-36.55
-41.78
-33.07
-36.02
-40.44
-33.8
-35.39
-45.41
-36.64
-37.45
-46.37
-37.34
-39.15
-35.44
-35.5
-31.88
-37.88
-39.07
-45.08
-61.77
-50.63
-32.46
-34.26
-56.11
-35.57
-45.38
-43.04
-42.2
-42.66
-38.68
-36.42
-30.39
-37.73
-33.38
-41.19
-39.61
-42.55
-33.81
-35.34
-37.6
-32.51
-46.94
-41.05
-34.65
-38.13
-34.88
-35.51
-36.99
-29.1
-47.58
-59.67
-36.23
-36.6
-33.81
-39.03
-33.38
-39.69
-42.48
-46.86
-43.9
-35.38
-47.33
-55.83
-36.46
-43.56
-47.66
-34.2
-37.31
-57.72
-43.56
-45.15
-35.49
-40.15
-33.96
-31.49
-43.43
-40.66
-41.62
-33.4
-37.03
-40.19
-35.79
-33.01
-44.2
-42.1
-33.17
-52.9
-44.54
-37.06
-39.89
-39.69
-35.34
-34.35
-33.47
-32.99
-36.73
-31.92
-36.08
-45.48
-48.29
-47.96
-35.64
-35.47
-46.72
-40.41
-50.45
-38.55
-43.03
-37.04
-42.28
-57.22
-47.42
-44.85
-41.22
-45.08
-37.56
-34.59
-39.91
-35.5
-40.06
-49.54
-42.5
-37.08
-42.25
-33.11
-36.71
-41.66
-30.72
-38.74
-36.8
-34.04
-40.11
-43.91
-30.36
-37.96
-44.23
-44.0
-36.17
-31.8
-42.55
-34.47
-34.58
-33.16
-41.86
-65.53
-38.53
-52.89
-38.03
-32.32
-33.87
-34.61
-38.97
-37.56
-32.78
-43.39
-37.14
-33.2
-36.78
-37.19
-35.26
-42.8
-34.65
-36.53
-52.83
-42.17
-41.89
-39.55
-33.28
-40.63
-37.86
-42.34
-47.13
-47.57
-33.38
-38.12
-47.46
-47.75
-49.03
-49.31
-33.48
-38.6
-46.09
-48.83
-48.47
-34.69
-42.15
-38.84
-37.3
-34.42
-34.31
-36.46
-37.56
-36.67
-41.48
-35.34
-34.56
-41.6
-36.72
-34.05
-35.94
-38.07
-34.64
-46.96
-34.31
-34.71
-48.12
-42.47
-30.63
-36.44
-45.33
-39.68
-33.19
-44.5
-30.86
-44.65
-45.49
-34.39
-43.45
-37.05
-33.82
-34.99
-41.71
-47.27
-45.84
-46.53
-32.7
-41.4
-41.7
-46.47
-40.66
-44.81
-39.9
-40.09
-38.26
-39.69
-38.33
-45.08
-41.9
-41.6
-35.17
-32.89
-37.91
-43.96
-45.42
-32.85
-38.4
-43.57
-31.16
-37.12
-39.41
-35.49
-38.23
-41.26
-36.49
-44.22
-35.2
-39.17
-48.69
-45.74
-39.46
-41.6
-36.46
-50.39
-35.62
-36.82
-39.38
-34.92
-38.51
-34.44
-41.83
-40.02
-31.22
-55.3
-42.88
-42.16
-40.1
-39.42
-33.69
-40.95
-46.82
-45.75
-30.83
-37.94
-50.37
-38.4
-32.19
-38.76
-56.62
-40.23
-47.08
-33.28
-42.35
-44.29
-43.23
-50.99
-39.7
-43.33
-39.03
-49.33
-33.75
-35.8
-34.57
-45.72
-33.28
-39.9
-36.43
-42.03
-30.57
-41.24
-37.24
-40.78
-38.59
-35.0
-32.07
-37.52
-40.93
-43.52
-41.67
-34.46
-55.86
-35.71
-41.66
-38.02
-48.44
-41.15
-37.85
-37.96
-44.64
-56.1
-35.55
-37.23
-44.3
-37.9
-34.28
-38.53
-37.28
-37.4
-39.14
-34.21
-33.46
-35.94
-48.46
-33.64
-33.69
-35.5
-36.24
-30.16
-44.96
-41.17
-38.0
-40.05
-38.14
-44.89
-39.54
-38.03
-34.65
-36.95
-37.51
-40.4
-44.43
-34.12
-45.68
-34.86
-37.08
-40.28
-37.84
-34.44
-42.87
-39.07
-48.68
-35.52
-31.14
-35.8
-46.12
-40.45
-37.73
-45.45
-39.44
-36.03
-35.77
-40.88
-33.6
-45.21
-56.82
-41.09
-43.42
-38.08
-43.89
-32.7
-39.94
-35.16
-40.05
-37.27
-40.87
-41.09
-48.38
-43.42
-46.36
-44.48
-40.22
-39.6
-31.46
-35.62
-35.0
-43.72
-44.41
-46.24
-31.21
-32.54
-33.62
-35.68
-35.09
-38.1
-50.89
-37.14
-42.87
-34.53
-51.16
-44.47
-31.1
-39.34
-35.62
-32.01
-37.09
-39.84
-50.48
-41.24
-42.07
-50.12
-51.88
-41.59
-40.65
-37.17
-39.11
-35.77
-40.71
-39.85
-44.38
-29.82
-47.39
-43.05
-41.79
-40.76
-40.71
-35.16
-39.0
-42.5
-47.91
-35.2
-36.58
-35.92
-46.43
-44.45
-42.16
-40.5
-59.52
-42.83
-41.83
-33.98
-38.42
-46.76
-33.73
-39.1
-33.81
-35.78
-41.09
-46.88
-33.39
-47.51
-46.39
-36.28
-38.3
-36.3
-42.52
-38.12
-41.24
-34.84
-48.54
-38.82
-39.42
-52.51
-34.43
-31.19
-31.18
-30.49
-40.89
-44.34
-39.85
-37.52
-54.19
-37.21
-45.84
-51.46
-38.75
-39.24
-54.37
-57.85
-40.02
-39.36
-49.68
-42.59
-34.12
-32.71
-32.35
iteration 4
-38.4
-31.37
-48.63
-35.67
-42.28
-31.99
-32.21
-47.25
-42.21
-39.49
-42.43
-38.62
-54.69
-37.03
-35.24
-35.08
-33.86
-33.48
-40.07
-40.99
-32.86
-43.23
-39.43
-36.69
-44.31
-37.1
-32.69
-33.71
-41.42
-43.69
-35.92
-57.29
-48.8
-38.29
-40.59
-41.6
-46.87
-33.76
-40.35
-36.48
-42.02
-39.66
-40.53
-39.62
-55.17
-39.29
-34.16
-38.15
-45.46
-49.5
-40.07
-41.63
-33.51
-50.93
-41.99
-36.96
-32.42
-33.97
-32.64
-33.67
-37.96
-49.24
-43.25
-46.56
-55.24
-35.43
-38.27
-44.48
-33.96
-50.18
-30.69
-39.79
-35.64
-47.69
-33.35
-40.09
-32.09
-40.16
-28.31
-37.32
-43.55
-63.71
-39.29
-38.31
-39.06
-36.75
-33.21
-37.63
-46.33
-30.61
-41.31
-29.07
-44.24
-40.73
-34.85
-32.09
-35.01
-39.92
-37.15
-46.0
-38.5
-37.73
-43.94
-32.82
-40.03
-36.17
-38.76
-46.66
-50.04
-42.9
-38.15
-33.78
-32.99
-38.82
-37.62
-43.21
-37.61
-39.17
-34.68
-35.12
-39.5
-37.77
-49.59
-40.45
-31.49
-42.65
-32.08
-34.9
-39.3
-52.29
-36.42
-37.88
-39.57
-40.17
-52.36
-43.34
-39.38
-50.8
-37.04
-44.49
-32.75
-34.08
-38.25
-34.34
-46.68
-35.8
-35.02
-42.23
-45.18
-36.14
-33.75
-59.37
-42.02
-38.2
-37.57
-37.27
-42.66
-47.03
-38.57
-37.81
-51.85
-35.75
-36.64
-41.19
-31.66
-34.8
-35.89
-39.14
-33.48
-43.82
-38.35
-35.81
-39.7
-31.62
-60.22
-39.31
-45.68
-34.05
-40.48
-31.26
-33.96
-33.26
-42.77
-41.74
-36.55
-37.13
-48.18
-42.69
-48.3
-41.02
-35.98
-60.58
-46.03
-37.71
-47.56
-43.65
-37.34
-34.91
-34.86
-38.65
-34.6
-37.09
-42.84
-41.4
-49.76
-37.57
-41.08
-40.57
-35.99
-45.28
-31.24
-46.93
-42.64
-35.98
-40.34
-46.77
-39.43
-38.1
-38.71
-65.99
-47.06
-41.14
-38.52
-44.72
-44.5
-40.31
-56.59
-39.94
-35.95
-47.81
-47.91
-32.24
-31.39
-49.22
-51.29
-31.76
-38.71
-40.0
-37.07
-37.1
-30.19
-45.3
-38.0
-37.74
-43.04
-44.36
-43.84
-38.99
-40.77
-45.17
-28.1
-32.02
-37.83
-46.98
-41.86
-42.26
-38.3
-46.23
-35.02
-37.11
-31.34
-41.8
-36.6
-32.22
-36.28
-42.92
-39.06
-29.56
-43.45
-58.18
-33.13
-35.71
-33.49
-47.27
-42.98
-35.37
-48.33
-28.85
-51.06
-49.35
-33.64
-43.43
-37.43
-32.75
-42.12
-34.83
-34.02
-44.84
-30.6
-33.49
-43.29
-40.09
-34.23
-50.45
-39.5
-42.93
-49.68
-37.89
-30.03
-35.05
-43.97
-38.84
-41.15
-46.29
-51.85
-35.14
-33.32
-35.75
-42.0
-43.28
-45.27
-34.8
-49.48
-31.12
-35.42
-37.45
-39.71
-46.87
-60.46
-34.8
-34.09
-52.07
-42.74
-38.18
-42.7
-40.02
-39.4
-57.12
-41.28
-34.38
-37.6
-43.1
-41.61
-41.21
-42.61
-36.66
-36.62
-36.07
-32.4
-32.87
-48.61
-33.48
-38.0
-39.3
-49.39
-36.7
-41.77
-35.82
-36.73
-39.74
-41.93
-37.74
-38.9
-37.27
-38.48
-37.45
-39.8
-34.88
-48.32
-42.93
-39.24
-33.5
-37.22
-48.69
-30.94
-40.51
-48.57
-32.03
-50.03
-39.88
-44.73
-36.58
-34.01
-31.74
-38.96
-39.52
-34.17
-45.7
-37.05
-41.74
-34.34
-38.67
-35.96
-35.09
-37.49
-39.8
-35.18
-30.0
-35.69
-40.57
-45.06
-38.1
-33.87
-47.81
-39.38
-32.87
-44.84
-34.93
-36.05
-38.01
-43.45
-34.85
-42.11
-33.05
-38.34
-38.04
-39.04
-50.77
-37.02
-46.7
-41.23
-51.23
-50.74
-41.26
-33.85
-50.69
-29.74
-45.71
-40.32
-33.55
-35.96
-43.09
-46.91
-37.32
-35.61
-38.97
-36.61
-38.94
-44.7
-41.8
-34.16
-39.25
-43.35
-41.21
-39.17
-42.75
-36.21
-35.98
-49.5
-51.1
-47.78
-58.59
-35.55
-39.73
-30.86
-40.39
-34.27
-38.61
-38.53
-28.58
-30.11
-44.43
-41.86
-43.55
-51.77
-49.02
-39.66
-30.94
-35.3
-39.42
-38.37
-34.68
-31.44
-53.75
-30.53
-46.66
-35.9
-32.14
-39.48
-47.73
-44.78
-50.12
-48.73
-40.73
-51.44
-38.02
-46.57
-35.22
-38.64
-39.01
-58.11
-46.29
-47.16
-35.17
-45.55
-39.23
-35.33
-41.3
-31.78
-40.04
-39.73
-40.92
-35.05
-35.74
-37.09
-34.74
-41.46
-39.58
-41.26
-32.89
-40.88
-34.44
-38.64
-34.76
-34.9
-47.07
-33.12
-34.57
-40.49
-43.88
-39.45
-37.6
-37.12
-35.13
-34.15
-40.34
-41.61
-31.75
-42.72
-37.85
-32.26
-37.07
-32.19
-41.89
-36.54
-30.45
-52.88
-39.22
-35.2
-37.43
-43.69
-39.35
-39.98
-33.51
-41.26
-37.06
-39.92
-34.83
-32.82
-43.93
-36.09
-42.25
-39.15
-36.35
-36.07
-50.04
-37.28
-37.21
-41.91
-39.4
-37.95
-34.42
-35.42
-44.09
-35.54
-39.91
-32.39
-31.01
-33.24
-37.69
-41.71
-42.28
-42.13
-28.46
-38.96
-37.61
-43.09
-30.45
-37.45
-33.3
-32.83
-34.4
-29.86
-40.1
-36.63
-42.36
-37.69
-41.29
-41.22
-35.41
-41.04
-34.0
-35.86
-39.44
-41.77
-33.39
-39.99
-49.86
-42.82
-39.88
-33.56
-43.02
-43.8
-48.69
-37.55
-43.84
-31.1
-41.49
-54.01
-42.69
-50.18
-46.0
-28.91
-32.92
-35.43
-53.64
-35.75
-36.91
-39.51
-40.59
-29.0
-30.86
-43.4
-37.94
-41.0
-41.15
-39.87
-34.01
-44.24
-44.58
-36.71
-41.56
-36.49
-36.2
-49.12
-40.85
-39.46
-29.35
-37.81
-44.84
-43.93
-48.02
-44.28
-32.95
-40.88
-41.63
-30.07
-34.08
-49.14
-47.31
-53.06
-35.27
-35.97
-38.35
-33.43
-32.71
-32.38
-45.65
-35.69
-30.16
-34.56
-38.77
-66.33
-43.85
-39.47
-51.84
-35.28
-37.06
-37.54
-40.23
-44.6
-34.43
-43.66
-46.95
-34.37
-34.63
-36.19
-30.95
-55.42
-43.85
-35.88
-35.38
-41.29
-39.82
-41.01
-32.73
-36.33
-42.01
-43.67
-33.29
-38.4
-38.82
-40.7
-56.94
-35.78
-39.94
-36.12
-37.02
-38.33
-35.89
-32.76
-35.74
-47.26
-43.98
-30.96
-42.11
-41.11
-36.06
-43.56
-37.45
-41.94
-38.59
-35.81
-36.13
-32.25
-34.96
-38.74
-38.6
-35.72
-43.5
-38.73
-36.98
-45.43
-46.23
-40.57
-51.76
-31.1
-38.68
-39.89
-34.22
-37.56
-34.39
-32.09
-40.69
-36.95
-39.18
-40.59
-39.45
-40.84
-38.7
-30.26
-30.26
-31.69
-45.28
-36.42
-43.36
-36.59
-37.76
-31.35
-35.96
-42.19
-58.85
-56.13
-41.02
-43.27
-44.55
-44.72
-41.68
-35.91
-52.81
-37.52
-38.66
-46.57
-39.23
-41.67
-37.48
-34.44
-34.06
-35.56
-40.05
-38.6
-31.67
-38.09
-35.95
-37.62
-31.89
-31.66
-33.72
-38.62
-39.26
-42.24
-39.34
-44.95
-52.06
-30.21
-44.59
-52.64
-45.18
-28.91
-39.91
-43.59
-37.97
-41.36
-45.13
-41.07
-34.51
-31.44
-42.86
-30.02
-38.19
-42.98
-52.87
-36.96
-51.08
-33.94
-39.16
-36.07
-43.88
-32.41
-30.2
-46.22
-38.14
-41.17
-38.85
-62.42
-34.86
-33.0
-45.85
-41.65
-51.78
-41.77
-36.69
-44.63
-37.02
-54.81
-41.11
-30.35
-38.17
-36.65
-43.29
-63.77
-42.77
-52.88
-40.98
-33.98
-34.61
-39.02
-34.1
-32.73
-42.06
-48.53
-40.65
-40.13
-58.1
-35.1
-47.36
-41.27
-43.71
-45.88
-33.69
-37.71
-35.76
-32.86
-46.4
-32.72
-34.99
-34.8
-31.59
-49.06
-49.67
-32.81
-39.69
-44.92
-40.77
-38.78
-47.4
-42.62
-47.08
-48.96
-35.59
-33.39
-36.71
-52.65
-37.5
-42.0
-62.33
-48.26
-34.17
-37.44
-35.28
-39.94
-37.92
-40.66
-46.08
-40.64
-46.27
-37.69
-41.01
-36.22
-32.3
-34.37
-39.32
-33.06
-65.9
-42.84
-41.76
-50.56
-31.64
-42.21
-42.19
-34.88
-36.49
-38.6
-50.7
-33.74
-37.31
-43.54
-41.92
-43.46
-30.77
-38.52
-37.26
-37.67
-38.52
-36.61
-38.56
-43.73
-40.71
-35.68
-43.91
-39.84
-38.25
-43.68
-32.72
-33.39
-35.14
-38.83
-32.4
-46.57
-52.68
-31.77
-31.75
-35.16
-38.46
-34.63
-34.78
-35.42
-45.0
-33.49
-36.22
-38.89
-29.35
-41.15
-34.75
-44.17
-33.39
-40.21
-39.9
-40.88
-40.09
-42.89
-47.65
-35.08
-36.34
-33.82
-54.36
-41.15
-46.78
-41.23
-32.99
-40.09
-37.68
-35.94
-36.78
-59.83
-45.87
-42.32
-38.91
-49.43
-48.5
-44.29
-40.49
-45.41
-37.61
-48.04
-36.97
-38.78
-36.47
-32.02
-51.6
-50.21
-38.12
-42.59
-44.54
-45.19
-32.48
-58.33
-40.12
-43.34
-31.96
-31.72
-37.9
-35.42
-35.72
-40.06
-40.81
-49.53
-37.8
-44.32
-38.13
-42.13
-35.02
-41.45
-36.35
-37.0
-32.44
-50.36
-36.68
-40.48
-36.34
-34.51
-34.46
-46.82
-33.72
-35.35
-39.67
-36.19
-55.64
-69.44
-30.71
-47.81
-33.31
-35.55
-34.42
-41.86
-31.64
-36.18
-37.74
-37.14
-44.71
-39.69
-40.29
-43.38
-45.35
-44.48
-35.84
-38.24
-38.14
-42.18
-33.87
-35.87
-39.13
-38.76
-33.51
-37.5
-37.9
-34.54
-36.73
-43.27
-32.87
-39.51
-34.28
-41.97
-43.95
-36.68
-32.96
-35.57
-42.03
-29.02
-31.05
-37.82
-34.96
-36.38
-55.0
-62.35
-29.94
-43.75
-37.73
-44.86
-40.86
-44.36
-36.39
-42.15
-46.67
-43.83
-39.12
-35.41
-37.15
-38.48
-37.1
-45.3
-40.22
-37.37
-39.61
-41.15
-48.14
-34.33
-34.15
-41.03
-38.29
-36.84
-43.48
-41.14
-46.36
-65.15
-36.94
-36.91
-32.7
-44.87
-40.61
-36.37
-45.35
-34.03
-35.64
-33.76
-42.61
-45.98
-43.23
-39.82
-50.54
-41.5
-42.93
-35.89
-47.37
-37.09
-40.76
-38.83
-42.86
-36.81
-77.27
-33.61
-35.31
-39.48
-41.49
-34.77
-34.64
-44.14
-42.69
-35.62
-44.85
-36.63
-32.19
-34.38
-53.85
-48.6
-61.29
-39.21
-35.24
-41.97
-39.97
-46.34
-35.83
-43.27
-35.99
-43.49
-32.75
-36.68
-40.93
-51.92
-43.83
-44.61
-45.59
-34.74
-58.62
-42.53
-45.75
-54.56
-46.27
-40.19
-37.07
-34.81
-37.37
-38.26
-36.21
-42.24
-39.56
-41.67
-39.35
-34.93
-31.02
-40.95
-37.97
-34.19
-42.11
-37.26
-32.32
-37.8
-40.75
-43.12
-30.52
-36.97
-41.43
-37.65
-37.62
-32.84
-44.1
-39.94
-44.77
-36.08
-41.99
-43.18
-38.68
-43.77
-36.3
-35.12
-40.88
-46.08
-55.16
-38.62
-31.55
-29.71
-35.15
-38.93
-34.43
-38.35
-39.91
-35.88
-33.91
-37.54
-33.84
-38.97
-42.22
-30.32
-51.04
-39.49
-40.77
-37.13
-38.24
-36.0
-33.28
-43.07
-43.43
-48.3
-45.8
-37.31
-43.42
-40.71
-32.85
-34.17
-41.1
-37.22
-36.55
-37.31
-41.31
-43.99
-45.96
-36.91
-37.36
-37.43
-41.45
-32.37
-34.24
-42.15
-39.82
-42.75
-34.65
-37.14
-45.31
-60.39
-31.56
-30.55
-37.04
-32.59
-35.19
-33.65
-36.42
-49.23
-33.69
-61.43
-46.66
-44.68
-35.79
-50.15
-44.29
-36.04
-34.02
-39.77
-36.7
-33.38
-41.27
-31.78
-31.98
-42.63
-40.9
-42.1
-36.12
-43.21
-43.16
-42.76
-41.72
-30.81
-54.02
-33.47
-54.03
-47.87
-29.91
-47.78
-39.41
-50.07
-36.67
-40.62
-45.09
-33.1
-33.54
-31.6
-36.4
-36.05
-45.49
-39.21
-36.66
-35.83
-37.48
-33.02
-38.92
-44.04
-36.18
-46.55
-31.8
-37.11
-41.09
-38.74
-51.71
-37.9
-43.44
-39.89
-41.97
-42.63
-38.05
-35.78
-38.67
-31.89
-36.91
-40.49
-36.58
-36.62
-45.94
-31.58
-41.9
-37.93
-48.55
-38.0
-41.74
-39.31
-31.55
-33.66
-34.67
-38.13
-32.88
-43.0
-42.58
-41.3
-44.08
-47.29
-36.51
-39.1
-41.42
-46.27
-35.89
-29.38
-34.41
-45.39
-38.8
-43.5
-35.07
-36.24
-41.03
-48.96
-51.01
-37.41
-38.79
-31.91
-41.85
-42.24
-38.33
-42.37
-39.79
-36.49
-34.73
-30.56
-35.76
-44.05
-39.36
-40.87
-39.14
-35.53
-36.7
-29.36
-29.16
-34.46
-41.26
-34.59
-37.63
-53.61
-44.52
-39.72
-37.04
-39.55
-39.59
-43.18
-35.05
-59.16
-38.35
-71.89
-36.08
-34.64
-42.11
-49.94
-30.98
-35.84
-38.7
-35.72
-38.61
-38.79
-34.22
-44.55
-31.24
-40.82
-44.9
-40.78
-42.65
-36.11
-41.95
-43.36
-38.34
-36.44
-39.45
-34.03
-41.24
-43.63
-31.79
-36.19
-41.23
-39.18
-44.46
-38.39
-35.01
-55.37
-36.57
-35.12
-34.11
-37.57
-44.13
-39.48
-38.98
-63.51
-42.13
-37.2
-38.96
-36.42
-41.66
-31.61
-36.61
-39.03
-53.61
-42.51
-52.65
-38.55
-40.71
-47.36
-44.05
-34.52
-35.96
-45.48
-31.33
-34.35
-36.24
-39.61
-43.21
-31.69
-32.14
-33.19
-40.95
-40.28
-39.53
-38.39
-33.82
-36.64
-41.77
-38.94
-34.24
-36.38
-35.79
-50.61
-37.35
-53.39
-43.54
-34.72
-81.33
-40.81
-30.63
-42.75
-38.13
-38.63
-43.37
-36.76
-37.86
-44.94
-41.97
-36.3
-37.83
-32.08
-39.37
-43.77
-46.55
-34.69
-65.27
-36.04
-55.32
-44.82
-57.57
-33.89
-46.62
-38.18
-36.71
-37.76
-41.24
-42.45
-42.12
-37.8
-36.81
-40.81
-41.3
-31.78
-36.33
-41.38
-41.9
-37.26
-37.12
-35.36
-42.58
-51.55
-44.25
-62.5
-43.96
-36.92
-40.85
-46.84
-34.83
-33.75
-56.62
-39.78
-37.39
-35.47
-33.28
-39.95
-35.11
-51.42
-42.85
-47.71
-41.23
-37.73
-32.48
-34.36
-39.16
-35.42
-32.73
-36.74
-40.48
-46.62
-51.03
-38.99
-40.6
-35.73
-52.78
-41.21
-45.83
-46.43
-34.08
-32.2
-37.5
-46.83
-47.71
-37.77
-41.35
-39.42
-37.98
-42.37
-38.99
-31.84
-40.27
-42.28
-43.82
-35.37
-44.97
-48.11
-30.08
-39.47
-34.6
-39.27
-39.04
-44.38
-36.67
-37.02
-38.7
-33.58
-40.55
-40.77
-52.53
-50.15
-51.1
-33.36
-41.96
-37.27
-28.51
-33.82
-42.47
-38.12
-31.55
-47.5
-39.42
-38.64
-41.98
-41.48
-40.92
-38.11
-36.1
-35.67
-39.9
-32.93
-38.67
-32.79
-41.86
-33.49
-47.3
-47.93
-50.9
-43.44
-45.31
-42.0
-43.04
-33.61
-39.37
-44.74
-59.04
-39.29
-45.46
-40.71
-30.76
-32.94
-32.32
-38.2
-41.12
-42.57
-37.81
-35.39
-43.3
-37.8
-37.58
-47.25
-41.86
-56.41
-42.47
-49.68
-39.26
-45.22
-33.74
-41.84
-39.31
-46.34
-36.89
-50.07
-40.55
-35.13
-30.5
-43.05
-41.68
-38.44
-35.84
-35.09
-30.84
-33.71
-40.07
-45.62
-36.69
-52.9
-47.27
-43.16
-52.26
-51.81
-41.99
-37.87
-40.07
-36.85
-38.16
-34.79
-38.98
-37.91
-40.33
-40.66
-53.16
-49.06
-44.57
-35.89
-49.34
-33.95
-34.93
-34.91
-36.13
-41.34
-34.92
-38.9
-35.87
-38.39
-37.99
-54.18
-37.9
-33.04
-43.37
-39.95
-42.63
-38.24
-34.87
-30.25
-35.09
-37.7
-32.93
-44.62
-33.37
-38.1
-46.52
-35.3
-53.55
-38.08
-40.66
-37.06
-39.16
-38.06
-51.24
-45.34
-35.8
-43.5
-34.27
-41.22
-40.23
-42.88
-34.36
-36.03
-40.01
-47.69
-47.87
-41.0
-46.34
-40.6
-44.88
-37.79
-48.86
-35.25
-45.35
-34.28
-38.36
-43.44
-46.36
-39.79
-36.8
-39.3
-35.3
-45.58
-43.56
-37.41
-34.43
-41.5
-31.88
-42.87
-29.2
-42.81
-48.14
-34.72
-30.2
-39.39
-43.03
-30.72
-39.34
-43.84
-53.61
-33.2
-43.49
-41.81
-44.85
-34.37
-37.68
-49.07
-60.71
-46.77
-35.21
-35.31
-40.62
-37.2
-39.02
-35.58
-39.23
-28.83
-45.87
-47.0
-37.38
-42.0
-46.31
-39.47
-40.48
-30.44
-35.44
-36.01
-38.62
-42.88
-43.82
-41.06
-62.24
-43.01
-37.43
-34.47
-37.68
-44.6
-33.23
-38.13
-36.7
-40.18
-43.52
-30.99
-51.84
-44.39
-56.65
-38.72
-30.59
-44.65
-33.91
-49.86
-37.61
-52.37
-37.91
-33.88
-39.66
-42.25
-42.1
-43.86
-38.65
-32.61
-35.53
-37.47
-36.49
-52.06
-34.02
-54.63
-59.01
-40.22
-46.34
-33.57
-32.97
-35.32
-33.93
-46.44
-43.7
-46.59
-49.62
-41.08
-34.87
-39.34
-35.19
-33.03
-31.48
-36.49
-35.84
-46.06
-50.51
-40.22
-38.75
-36.18
-43.53
-39.74
-37.28
-35.36
-42.34
-35.96
-42.01
-41.65
-32.6
-38.76
-41.21
-40.67
-38.71
-43.34
-39.45
-31.58
-39.46
-48.41
-58.1
-33.2
-55.49
-41.51
-38.54
-41.41
-33.42
-36.22
-40.18
-39.9
-38.3
-37.65
-33.65
-32.49
-33.46
-48.97
-45.02
-42.04
-38.17
-40.32
-40.61
-37.88
-44.62
-40.48
-45.34
-41.98
-39.88
-36.44
-44.38
-37.25
-37.6
-48.54
-33.63
-36.12
-34.77
-42.7
-39.09
-51.64
-51.4
-40.51
-42.89
-33.43
-55.47
-35.32
-45.01
-35.4
-39.46
-31.79
-32.42
-44.13
-36.38
-38.62
-39.08
-44.14
-34.58
-43.48
-31.98
-39.56
-35.77
-38.25
-33.81
-41.05
-35.92
-34.78
-43.49
-38.73
-31.43
-33.36
-42.61
-40.04
-30.34
-53.94
-33.58
-39.92
-37.28
-37.3
-38.44
-36.69
-36.99
-35.99
-45.0
-37.6
-34.03
-29.78
-41.58
-33.51
-31.15
-44.81
-39.54
-39.07
-41.14
-46.87
-35.72
-60.29
-46.88
-41.07
-31.36
-35.58
-40.14
-42.77
-35.08
-55.6
-36.34
-32.55
-29.6
-37.56
-32.63
-42.56
-43.82
-60.17
-39.98
-43.28
-37.87
-43.58
-35.88
-37.39
-45.1
-35.43
-42.13
-43.07
-53.29
-39.47
-39.66
-39.77
-49.92
-36.68
-35.23
iteration 5
-40.72
-46.22
-42.94
-34.22
-36.09
-38.73
-39.49
-45.57
-50.15
-42.23
-29.99
-36.07
-36.86
-37.34
-44.34
-30.99
-48.77
-39.88
-37.38
-31.32
-40.24
-44.96
-43.32
-36.44
-38.88
-42.98
-37.71
-34.16
-47.49
-51.01
-46.34
-37.57
-39.23
-39.78
-42.02
-36.32
-51.31
-38.24
-40.72
-42.82
-35.04
-47.39
-49.83
-32.16
-36.59
-39.5
-35.11
-47.22
-40.84
-46.87
-38.7
-46.31
-39.8
-46.61
-32.22
-44.9
-46.23
-37.76
-33.48
-41.97
-42.48
-40.45
-53.21
-36.58
-39.8
-33.8
-41.54
-33.2
-38.6
-33.42
-37.75
-32.02
-44.42
-33.43
-43.18
-39.36
-37.28
-36.49
-46.26
-35.26
-31.28
-74.27
-38.84
-36.06
-47.74
-32.99
-39.19
-31.62
-35.79
-31.87
-37.05
-42.83
-46.85
-40.45
-49.13
-51.78
-33.19
-42.78
-31.22
-34.74
-39.86
-41.5
-54.29
-40.22
-45.82
-40.92
-31.81
-46.02
-35.2
-41.22
-42.3
-30.32
-34.74
-39.37
-38.31
-41.3
-81.74
-75.96
-37.29
-34.16
-44.16
-41.35
-41.31
-40.0
-37.33
-35.98
-52.24
-49.42
-39.46
-48.51
-40.58
-36.69
-43.8
-40.86
-34.88
-47.14
-45.59
-37.2
-45.84
-35.92
-48.68
-37.87
-35.18
-40.64
-38.0
-40.89
-48.87
-32.3
-32.47
-50.23
-38.41
-34.91
-42.56
-38.8
-50.39
-37.4
-36.49
-35.52
-31.84
-33.77
-35.67
-43.1
-36.55
-36.74
-36.6
-41.35
-52.56
-33.08
-38.69
-42.18
-47.01
-35.59
-35.37
-41.0
-35.79
-37.62
-34.08
-46.91
-36.69
-44.22
-37.15
-37.72
-30.11
-46.61
-61.39
-29.58
-42.28
-40.64
-43.26
-34.49
-46.46
-39.17
-39.56
-48.82
-57.05
-41.95
-49.18
-41.1
-53.73
-34.29
-39.42
-41.98
-36.5
-31.46
-36.94
-32.11
-42.84
-43.57
-39.77
-40.19
-33.0
-44.85
-56.3
-35.92
-28.29
-45.48
-37.99
-36.97
-45.42
-38.31
-40.07
-39.67
-47.71
-39.81
-44.92
-48.34
-44.31
-40.82
-41.87
-50.65
-47.28
-41.32
-45.86
-46.25
-47.05
-44.48
-55.97
-38.6
-35.49
-45.49
-35.44
-37.62
-47.65
-51.44
-38.8
-36.96
-42.63
-40.54
-35.9
-43.82
-59.16
-40.43
-38.19
-46.69
-34.72
-56.39
-40.66
-43.59
-33.81
-42.5
-47.54
-39.88
-37.24
-36.75
-32.42
-38.42
-29.45
-45.47
-30.26
-37.84
-30.39
-33.94
-43.64
-42.58
-34.84
-49.77
-37.3
-32.73
-33.76
-42.03
-41.61
-53.28
-44.45
-37.82
-40.01
-43.35
-45.76
-42.66
-43.25
-62.86
-38.91
-42.99
-40.95
-40.13
-44.27
-33.84
-37.31
-28.42
-51.89
-43.95
-43.1
-44.7
-40.12
-37.98
-51.23
-43.27
-36.52
-39.23
-45.96
-38.15
-36.15
-35.65
-43.81
-45.07
-32.16
-37.59
-48.25
-42.84
-57.01
-34.88
-44.53
-32.0
-43.83
-35.53
-36.38
-59.42
-34.9
-43.34
-36.25
-36.85
-36.05
-44.18
-38.93
-34.6
-39.02
-37.85
-39.72
-41.67
-38.89
-47.07
-37.99
-48.62
-34.48
-31.46
-38.37
-35.06
-29.13
-41.87
-45.02
-42.94
-38.07
-44.5
-30.71
-36.83
-38.35
-37.69
-34.94
-37.01
-38.69
-42.38
-36.75
-36.92
-53.22
-34.22
-39.07
-34.69
-35.77
-34.21
-46.4
-35.18
-48.37
-38.01
-48.51
-43.5
-40.84
-56.6
-38.74
-38.05
-32.65
-37.82
-51.06
-36.35
-34.42
-42.97
-41.36
-31.71
-32.25
-36.78
-31.28
-41.91
-37.72
-36.81
-40.83
-40.67
-40.71
-43.15
-56.21
-34.17
-35.55
-29.96
-38.59
-36.13
-38.03
-45.32
-46.79
-36.1
-53.35
-39.22
-35.98
-35.2
-51.71
-50.59
-38.16
-39.28
-32.48
-36.19
-36.07
-35.56
-39.83
-33.63
-36.77
-35.59
-49.52
-34.91
-32.07
-49.21
-43.97
-42.7
-47.62
-45.62
-39.24
-45.72
-38.26
-33.34
-36.22
-40.79
-40.14
-31.79
-39.27
-39.88
-35.15
-43.53
-43.15
-35.32
-46.01
-35.04
-33.02
-35.65
-42.63
-45.18
-34.23
-35.49
-39.16
-45.57
-39.91
-47.57
-29.14
-37.11
-39.75
-34.53
-35.45
-42.07
-40.16
-44.58
-43.89
-35.94
-33.82
-30.06
-31.18
-39.83
-38.72
-46.87
-42.99
-53.75
-45.75
-40.41
-36.09
-34.76
-41.87
-50.2
-45.14
-41.5
-38.96
-45.08
-37.98
-34.28
-43.84
-50.89
-37.09
-37.92
-46.32
-36.82
-37.91
-30.87
-43.08
-40.99
-41.17
-31.3
-42.84
-51.38
-45.5
-48.35
-38.81
-59.9
-38.38
-48.48
-51.49
-41.19
-37.99
-34.91
-35.03
-35.99
-41.13
-41.12
-33.75
-32.41
-37.12
-47.23
-33.41
-39.19
-41.46
-42.68
-54.64
-55.96
-33.55
-44.21
-31.6
-37.4
-39.9
-35.16
-50.57
-41.01
-36.38
-39.91
-31.77
-45.77
-46.35
-31.62
-37.97
-40.73
-43.9
-44.48
-37.3
-38.45
-43.94
-35.66
-40.21
-34.02
-32.31
-44.02
-30.09
-36.24
-41.15
-43.32
-38.24
-43.38
-37.29
-43.76
-34.23
-34.14
-54.97
-37.83
-44.03
-40.71
-36.63
-40.28
-35.47
-45.85
-44.43
-46.91
-46.3
-33.54
-55.51
-35.04
-47.48
-38.57
-35.19
-34.66
-41.48
-54.0
-51.9
-48.95
-40.22
-36.42
-32.9
-47.17
-41.71
-28.56
-40.28
-43.23
-47.18
-36.13
-34.5
-42.14
-36.57
-58.92
-42.84
-34.95
-31.78
-38.2
-35.25
-43.47
-34.98
-39.81
-41.56
-38.84
-35.09
-41.04
-35.91
-61.79
-31.8
-28.71
-47.67
-36.94
-35.37
-30.16
-36.48
-36.51
-41.03
-37.04
-31.5
-50.17
-39.33
-43.77
-42.52
-34.34
-49.35
-46.3
-25.69
-37.09
-44.06
-54.63
-33.36
-38.32
-56.37
-46.81
-47.25
-43.09
-39.73
-39.36
-47.06
-35.48
-35.33
-34.88
-37.3
-33.14
-40.12
-39.88
-31.23
-30.36
-37.43
-36.84
-37.28
-36.96
-35.4
-39.08
-47.34
-40.63
-42.97
-42.53
-37.94
-39.22
-44.06
-37.66
-35.81
-43.6
-44.68
-44.76
-34.6
-44.71
-34.98
-42.35
-34.39
-42.87
-34.37
-42.33
-45.79
-35.29
-61.07
-39.07
-41.44
-53.27
-47.02
-38.37
-37.01
-30.98
-33.6
-37.33
-37.27
-44.12
-36.18
-43.35
-32.3
-42.59
-44.57
-31.35
-37.35
-41.05
-46.76
-34.13
-34.25
-38.56
-37.66
-35.66
-45.74
-25.3
-37.81
-42.0
-46.91
-44.58
-42.38
-34.01
-43.45
-38.27
-53.31
-43.56
-51.18
-27.87
-44.58
-41.42
-36.98
-46.29
-49.22
-36.25
-40.85
-37.95
-33.54
-40.93
-32.07
-46.16
-29.3
-55.84
-37.03
-39.53
-36.86
-37.9
-42.51
-34.08
-46.03
-40.8
-31.78
-46.49
-34.8
-40.94
-38.31
-32.83
-35.14
-41.17
-35.82
-34.27
-39.24
-39.89
-41.56
-44.12
-62.25
-35.11
-38.48
-36.37
-41.49
-31.15
-47.36
-70.35
-48.8
-43.0
-40.42
-38.56
-47.27
-36.25
-35.2
-40.98
-40.21
-39.32
-45.31
-33.42
-39.22
-40.04
-34.22
-50.18
-36.62
-34.24
-41.56
-42.02
-39.25
-45.71
-59.23
-49.01
-40.5
-41.08
-41.27
-40.26
-45.04
-54.02
-37.83
-43.31
-48.47
-42.8
-39.65
-48.97
-40.5
-48.82
-42.44
-38.15
-32.56
-30.73
-38.1
-37.08
-40.74
-38.41
-36.98
-51.29
-49.32
-36.66
-37.54
-40.43
-37.23
-47.94
-57.05
-37.81
-36.13
-35.13
-36.19
-40.01
-41.06
-40.98
-38.91
-36.15
-36.37
-36.57
-39.08
-32.63
-58.62
-49.07
-36.91
-39.86
-34.09
-39.84
-31.67
-47.39
-37.53
-34.38
-35.62
-34.48
-46.45
-35.61
-49.15
-44.19
-32.67
-37.84
-55.42
-42.77
-38.63
-44.82
-44.9
-55.18
-39.52
-37.7
-38.54
-37.31
-54.07
-47.68
-34.44
-37.0
-55.12
-37.25
-52.79
-43.81
-42.85
-29.23
-38.06
-34.98
-35.41
-40.89
-50.3
-43.15
-37.84
-51.51
-35.66
-37.72
-39.57
-39.63
-42.01
-34.39
-34.96
-51.52
-48.35
-32.91
-36.69
-34.82
-32.44
-44.73
-39.72
-35.23
-39.03
-41.25
-38.32
-50.91
-53.37
-33.03
-29.79
-38.25
-36.97
-48.28
-35.63
-54.23
-40.72
-30.88
-51.66
-41.95
-48.94
-42.99
-33.21
-42.38
-43.71
-42.01
-35.97
-41.74
-49.04
-40.69
-32.06
-41.29
-37.43
-69.47
-46.85
-49.37
-44.36
-35.71
-44.4
-42.41
-36.79
-57.24
-40.86
-39.3
-41.12
-52.66
-30.12
-39.4
-39.79
-38.21
-44.67
-35.98
-36.83
-37.18
-34.82
-43.92
-47.32
-38.28
-39.07
-39.61
-34.93
-41.55
-29.45
-33.96
-37.48
-38.65
-35.11
-41.17
-35.86
-36.31
-35.63
-41.71
-45.76
-31.07
-30.19
-31.58
-48.02
-56.03
-39.82
-53.05
-54.12
-40.37
-45.29
-37.53
-44.57
-43.36
-42.17
-36.87
-44.42
-41.4
-43.07
-35.96
-55.95
-42.06
-41.71
-48.91
-35.88
-43.4
-34.72
-41.1
-38.56
-40.57
-41.62
-41.17
-52.15
-38.72
-37.13
-38.97
-42.63
-38.96
-40.88
-41.03
-35.66
-38.99
-38.48
-34.78
-44.24
-35.04
-44.36
-49.5
-39.09
-41.96
-42.47
-33.43
-51.32
-44.2
-48.13
-47.03
-33.2
-37.77
-29.42
-32.23
-40.31
-35.11
-45.21
-36.2
-39.01
-47.1
-34.84
-40.47
-34.41
-40.31
-40.9
-37.73
-27.43
-32.27
-38.09
-39.84
-32.47
-42.39
-40.48
-44.39
-43.43
-39.19
-49.81
-34.42
-40.97
-43.68
-43.11
-36.29
-39.39
-39.41
-43.5
-37.73
-41.63
-34.2
-45.22
-47.82
-34.04
-34.01
-47.56
-37.13
-41.95
-51.37
-40.32
-43.88
-35.14
-52.88
-33.06
-31.95
-41.01
-37.37
-35.83
-41.66
-38.7
-49.19
-42.54
-34.32
-34.43
-35.11
-40.54
-45.91
-45.36
-37.02
-30.74
-44.78
-32.22
-43.5
-30.74
-38.21
-46.0
-53.64
-49.41
-39.51
-41.47
-45.31
-35.01
-34.45
-32.7
-40.03
-39.77
-49.87
-48.06
-41.76
-39.24
-32.25
-34.5
-35.18
-34.14
-39.85
-30.04
-32.06
-36.34
-45.64
-33.32
-36.47
-43.46
-40.93
-41.14
-40.98
-38.83
-48.2
-36.41
-39.07
-45.69
-39.31
-43.42
-47.06
-38.75
-32.66
-46.04
-43.36
-40.31
-39.95
-44.52
-37.25
-46.03
-36.19
-36.78
-41.43
-43.31
-50.86
-42.37
-34.97
-57.52
-41.44
-33.47
-41.07
-40.38
-32.78
-43.62
-39.92
-36.16
-31.93
-38.56
-34.62
-41.28
-54.81
-36.85
-42.87
-61.9
-38.3
-41.61
-50.16
-42.08
-40.57
-38.98
-30.59
-44.5
-35.74
-58.83
-47.51
-59.85
-42.3
-46.82
-32.71
-53.37
-37.31
-44.9
-50.47
-31.24
-42.01
-38.34
-30.25
-39.03
-36.19
-34.93
-42.49
-43.17
-47.15
-32.68
-41.08
-41.87
-36.76
-38.5
-42.31
-37.25
-40.4
-35.34
-36.79
-43.08
-59.46
-46.22
-48.63
-40.72
-52.95
-43.75
-41.73
-31.01
-37.12
-39.58
-41.96
-32.47
-33.49
-38.09
-42.88
-37.65
-49.92
-35.8
-33.26
-40.17
-48.08
-38.67
-50.25
-46.88
-39.96
-35.16
-43.3
-38.72
-43.26
-39.62
-30.25
-34.42
-44.06
-36.32
-34.74
-37.81
-45.1
-37.23
-48.42
-43.48
-39.92
-36.98
-36.32
-36.32
-30.27
-45.39
-41.08
-33.45
-41.6
-39.31
-46.63
-46.56
-45.08
-44.39
-40.93
-39.07
-31.87
-40.22
-35.63
-31.97
-48.16
-46.01
-42.97
-46.26
-40.25
-40.67
-28.69
-39.03
-33.5
-40.7
-32.6
-41.76
-34.52
-34.95
-37.23
-39.83
-40.34
-48.88
-37.04
-39.07
-33.2
-40.27
-41.72
-37.66
-33.54
-31.57
-47.78
-35.25
-35.22
-40.78
-37.53
-36.25
-35.32
-43.05
-44.34
-43.55
-39.24
-38.31
-41.52
-38.59
-44.39
-44.19
-41.46
-42.67
-35.93
-46.25
-34.09
-38.43
-34.95
-45.91
-37.96
-50.77
-40.21
-41.47
-38.81
-40.09
-42.36
-33.51
-34.28
-43.48
-40.07
-41.44
-39.24
-37.63
-37.73
-46.58
-34.08
-52.83
-36.2
-31.94
-33.24
-51.08
-55.66
-33.87
-36.2
-41.83
-32.83
-38.03
-42.24
-35.58
-45.91
-31.96
-35.84
-36.24
-33.1
-34.22
-39.5
-39.84
-33.37
-34.46
-44.91
-43.71
-39.03
-51.52
-36.67
-44.6
-40.19
-37.29
-44.4
-33.42
-56.21
-42.37
-45.8
-47.65
-34.62
-29.91
-47.5
-29.53
-36.48
-46.07
-39.23
-38.48
-35.73
-38.36
-40.46
-38.29
-42.66
-50.99
-45.51
-34.89
-38.87
-32.04
-40.67
-35.95
-42.7
-48.17
-45.43
-35.66
-31.25
-45.51
-37.19
-35.0
-33.29
-64.61
-45.75
-31.52
-35.78
-45.86
-33.43
-60.84
-36.33
-39.28
-43.74
-42.19
-35.37
-39.13
-64.13
-41.31
-43.05
-44.34
-33.66
-43.06
-46.31
-36.15
-68.0
-43.71
-28.78
-31.74
-41.13
-40.04
-42.88
-50.23
-40.14
-42.67
-35.93
-42.73
-34.65
-57.0
-38.77
-34.57
-42.67
-37.45
-33.46
-45.27
-33.42
-30.24
-31.74
-39.97
-32.39
-51.83
-38.69
-46.45
-38.14
-43.25
-36.8
-40.55
-29.72
-40.02
-29.5
-36.05
-34.92
-36.55
-35.41
-38.41
-43.0
-45.28
-43.98
-37.27
-46.96
-52.53
-37.87
-43.21
-46.95
-37.6
-33.65
-39.66
-46.51
-38.35
-31.98
-61.47
-38.06
-36.59
-34.3
-55.47
-34.14
-39.9
-31.79
-46.88
-39.74
-37.45
-33.41
-39.49
-38.44
-36.35
-43.35
-39.39
-39.85
-34.33
-44.27
-45.43
-38.88
-44.08
-42.12
-39.22
-32.44
-42.56
-51.56
-42.91
-45.28
-43.0
-40.15
-38.1
-35.86
-54.72
-33.71
-36.28
-42.82
-41.85
-42.7
-40.55
-36.47
-44.79
-39.42
-53.86
-43.23
-37.47
-32.52
-32.5
-35.73
-36.23
-32.01
-40.34
-39.88
-43.68
-39.38
-36.33
-35.02
-39.36
-36.15
-57.23
-43.43
-38.44
-37.99
-43.92
-42.59
-44.28
-55.01
-37.66
-30.24
-37.61
-49.42
-41.99
-46.39
-35.74
-47.0
-47.5
-33.58
-33.41
-36.43
-44.71
-34.84
-36.82
-36.84
-45.22
-32.48
-29.36
-38.88
-36.84
-35.95
-43.9
-38.59
-33.71
-43.27
-49.6
-33.73
-40.1
-32.94
-39.43
-45.08
-32.78
-36.79
-38.16
-35.6
-38.01
-35.48
-34.75
-46.69
-46.32
-42.59
-39.81
-46.08
-40.82
-45.66
-64.57
-34.49
-49.47
-42.13
-44.6
-36.92
-47.12
-38.14
-36.26
-32.64
-39.57
-36.46
-42.9
-32.64
-39.57
-34.23
-32.84
-35.09
-37.71
-37.6
-38.66
-44.43
-42.87
-53.09
-55.03
-40.04
-47.34
-39.02
-38.83
-40.0
-31.05
-42.8
-40.62
-34.06
-34.79
-53.01
-53.7
-45.37
-55.74
-41.84
-37.09
-36.33
-53.47
-44.14
-31.14
-28.9
-54.32
-40.92
-41.58
-56.27
-43.62
-35.85
-36.18
-47.64
-51.28
-55.67
-39.67
-41.91
-38.07
-33.14
-33.05
-44.23
-54.05
-35.67
-37.73
-33.97
-40.21
-47.15
-58.8
-35.63
-42.7
-37.83
-41.69
-35.22
-48.55
-48.57
-38.96
-32.07
-37.59
-43.8
-38.93
-40.31
-37.54
-37.94
-34.02
-38.48
-39.62
-36.52
-34.25
-34.83
-43.41
-38.47
-44.12
-38.83
-39.19
-36.85
-64.11
-37.59
-50.36
-43.2
-40.79
-48.13
-51.19
-38.52
-43.51
-36.84
-37.54
-42.52
-48.33
-40.35
-40.47
-37.13
-38.76
-37.09
-42.76
-41.6
-36.19
-35.21
-32.65
-49.6
-35.48
-45.72
-40.33
-38.03
-37.02
-50.56
-34.73
-52.48
-43.19
-53.86
-42.77
-41.85
-36.11
-41.91
-28.39
-47.0
-39.62
-40.7
-37.35
-35.33
-31.72
-31.34
-29.13
-33.45
-43.71
-42.82
-52.39
-48.66
-40.6
-43.05
-33.35
-39.23
-49.65
-46.64
-39.0
-35.32
-40.88
-37.92
-45.47
-34.17
-37.29
-28.29
-33.65
-49.31
-38.39
-40.69
-34.22
-43.24
-32.51
-30.46
-41.35
-43.32
-34.55
-36.97
-39.96
-33.16
-37.28
-34.51
-36.64
-32.62
-45.78
-36.41
-31.2
-42.95
-34.92
-39.45
-42.67
-46.47
-41.71
-38.75
-36.35
-37.76
-49.66
-34.8
-42.17
-43.2
-46.2
-41.29
-43.0
-35.29
-38.8
-46.55
-33.57
-38.0
-43.72
-49.75
-47.42
-38.75
-60.11
-40.31
-37.13
-39.38
-39.78
-39.35
-40.14
-40.03
-28.6
-34.19
-33.93
-41.41
-38.06
-35.87
-38.7
-44.58
-34.49
-37.38
-31.11
-41.55
-35.92
-37.48
-32.96
-37.26
-37.38
-45.98
-49.29
-42.03
-40.77
-46.34
-41.27
-48.04
-42.03
-35.14
-36.99
-34.11
-37.56
-42.84
-33.76
-47.09
-36.54
-46.58
-52.47
-36.58
-40.69
-55.18
-68.38
-32.31
-36.91
-45.84
-32.34
-41.58
-36.3
-34.49
-34.65
-43.17
-41.19
-47.97
-33.77
-32.17
-35.78
-42.28
-36.44
-41.66
-38.32
-37.07
-45.68
-44.51
-44.47
-46.85
-34.54
-39.99
-36.66
-55.15
-36.88
-42.09
-35.82
-40.38
-28.19
-33.3
-44.85
-38.48
-34.25
-38.37
-38.56
-48.34
-39.74
-47.46
-37.35
-44.55
-56.31
-50.59
-34.81
-42.65
-36.67
-36.31
-46.57
-40.9
-43.38
-32.41
-44.02
-48.51
-36.98
-34.62
-39.02
-50.27
-30.59
-34.35
-35.94
-38.14
-42.08
-42.42
-53.78
-49.89
-37.99
-47.83
-51.13
-41.49
-40.23
-48.72
-31.53
-38.05
-41.69
-48.8
-34.06
-49.22
-35.43
-37.96
-51.87
-35.49
-39.67
-40.42
-39.1
-42.78
-44.59
-37.31
-34.03
-37.26
-44.16
-36.28
-37.88
-56.0
-34.76
-50.7
-42.82
-33.5
-36.75
-41.02
-54.93
-35.65
-47.78
-43.98
-53.37
-32.16
-40.18
-43.07
-31.12
-41.58
-34.01
-34.59
-48.04
-34.88
-41.34
-37.17
-39.22
-34.42
-40.62
-30.74
-41.28
-38.25
-43.46
-37.86
-35.77
-33.45
-35.02
-50.63
-41.84
-43.02
-43.35
-34.21
-36.04
-39.29
-42.5
-35.94
-35.28
-52.16
-52.98
-40.49
-39.92
-40.61
-40.91
-55.13
-31.83
-39.02
-42.08
-38.4
-34.01
-37.31
-33.92
-41.47
iteration 6
